,,,,,,,,,,,
Filename:,,,,,,,,,,,
,C:\Program,Files\Thermo,Electron\WinXRD\Datafiles\HERMAN\GEO\GS_06_RT.pk,,,,,,,,
,,,,,,,,,,,
File,Created:,,,,,,,,,,
,July,13,2018,-,02:17,PM,,,,,
,,,,,,,,,,,
Specimen,Id:,,,,,,,,,,
,GS-06,RT,,,,,,,,,
,,,,,,,,,,,
Specimen,Name:,,,,,,,,,,
,,,,,,,,,,,
,,,,,,,,,,,
Specimen,Description:,,,,,,,,,,
,,,,,,,,,,,
,,,,,,,,,,,
Comment:,,,,,,,,,,,
Scan,Type:,2Theta,Scan,,,,,,,,
Start,Angle:,1,deg.,,,,,,,,
Stop,Angle:,65,deg.,,,,,,,,
Num,Points:,3201,,,,,,,,,
Step,Size:,0.02,deg.,,,,,,,,
Scan,Rate:,1.000000,,,,,,,,,
Scan,Mode:,Continuous,,,,,,,,,
Wavelength:,1.540562,,,,,,,,,,
\Kalpha1:,1.540562,\Kalpha2:,1.544390,\Kbeta:,1.392218,,,,,,
,,,,,,,,,,,
Optics:,,,,,,,,,,,
,Detector:,,,,,,,,,,
,Type:,Fixed,Slits,,,,,,,,
,Tube:,,,,,,,,,,
,Type:,Fixed,Slits,,,,,,,,
,,,,,,,,,,,
,,,,,,,,,,,
Datas:,,,,,,,,,,,
Peaks:,,,,,,,,,,,
,,,,,,,,,,,
Position,Dspace,ESD(P),Corr.Fact,Intensity,Rel.Int.,FWHM(L),ESD(L),FWHM(R),ESD(R),Area,Source
[deg],[A],[deg],[deg],[CPS],[CPS],[deg],[deg],[deg],[deg],[deg],[--]
,2.7000,32.6948,0.0000,0.0000,82.50,2.73,0.0400,0.0000,0.0000,0.0000,6.6000
,2.8200,31.3038,0.0000,0.0000,60.00,1.99,0.1200,0.0000,0.0000,0.0000,9.6000
,3.0800,28.6618,0.0000,0.0000,82.50,2.73,0.0400,0.0000,0.0000,0.0000,3.3000
,3.1600,27.9364,0.0000,0.0000,65.83,2.18,0.0200,0.0000,0.0000,0.0000,6.5833
,3.3400,26.4312,0.0000,0.0000,68.33,2.26,0.1200,0.0000,0.0000,0.0000,10.9333
,3.4200,25.8131,0.0000,0.0000,65.83,2.18,0.0400,0.0000,0.0000,0.0000,10.5333
,3.5800,24.6598,0.0000,0.0000,68.33,2.26,0.1600,0.0000,0.0000,0.0000,2.7333
,3.8600,22.8716,0.0000,0.0000,77.50,2.57,0.0600,0.0000,0.0000,0.0000,0.0000
,4.1200,21.4288,0.0000,0.0000,58.33,1.93,0.1200,0.0000,0.0000,0.0000,0.0000
,4.2200,20.9212,0.0000,0.0000,55.00,1.82,0.0600,0.0000,0.0000,0.0000,7.7000
,4.4000,20.0658,0.0000,0.0000,60.83,2.01,0.1600,0.0000,0.0000,0.0000,3.6500
,4.6600,18.9468,0.0000,0.0000,60.00,1.99,0.1000,0.0000,0.0000,0.0000,1.2000
,4.8600,18.1675,0.0000,0.0000,54.17,1.79,0.1400,0.0000,0.0000,0.0000,1.0833
,5.0600,17.4499,0.0000,0.0000,50.00,1.66,0.0800,0.0000,0.0000,0.0000,4.0000
,5.3400,16.5355,0.0000,0.0000,70.83,2.35,0.1600,0.0000,0.0000,0.0000,0.0000
,5.7400,15.3841,0.0000,0.0000,47.50,1.57,0.0800,0.0000,0.0000,0.0000,5.7000
,6.1600,14.3361,0.0000,0.0000,180.83,5.99,0.0400,0.0000,0.0000,0.0000,21.7000
,6.7600,13.0649,0.0000,0.0000,51.67,1.71,0.0600,0.0000,0.0000,0.0000,0.0000
,8.8200,10.0176,0.0000,0.0000,327.50,10.84,0.0600,0.0000,0.0000,0.0000,19.6500
,9.1000,9.7099,0.0000,0.0000,75.83,2.51,0.0200,0.0000,0.0000,0.0000,4.5500
,9.4200,9.3808,0.0000,0.0000,90.83,3.01,0.0800,0.0000,0.0000,0.0000,3.6333
,10.4600,8.4503,0.0000,0.0000,1018.33,33.72,0.1000,0.0000,0.0000,0.0000,81.4667
,11.0000,8.0367,0.0000,0.0000,64.17,2.12,0.0800,0.0000,0.0000,0.0000,6.4167
,12.1400,7.2844,0.0000,0.0000,2308.33,76.43,0.1600,0.0000,0.0000,0.0000,138.5000
,12.4400,7.1094,0.0000,0.0000,415.00,13.74,0.0000,0.0000,0.0000,0.0000,49.8000
,13.8000,6.4117,0.0000,0.0000,160.00,5.30,0.1200,0.0000,0.0000,0.0000,6.4000
,17.2400,5.1393,0.0000,0.0000,110.83,3.67,0.1200,0.0000,0.0000,0.0000,8.8667
,17.7800,4.9844,0.0000,0.0000,126.67,4.19,0.1400,0.0000,0.0000,0.0000,12.6667
,18.3600,4.8282,0.0000,0.0000,55.00,1.82,0.1200,0.0000,0.0000,0.0000,7.7000
,18.5000,4.7920,0.0000,0.0000,140.83,4.66,0.1600,0.0000,0.0000,0.0000,14.0833
,18.7400,4.7312,0.0000,0.0000,165.83,5.49,0.1000,0.0000,0.0000,0.0000,19.9000
,19.6324,4.5181,0.0091,0.0000,38.00,1.26,0.1183,0.0977,0.1183,0.0000,24.1898
,20.8000,4.2670,0.0000,0.0000,256.67,8.50,0.1200,0.0000,0.0000,0.0000,15.4000
,21.1000,4.2070,0.0000,0.0000,65.83,2.18,0.0800,0.0000,0.0000,0.0000,7.9000
,22.0400,4.0297,0.0000,0.0000,142.50,4.72,0.1200,0.0000,0.0000,0.0000,22.8000
,22.8400,3.8903,0.0000,0.0000,51.67,1.71,0.0600,0.0000,0.0000,0.0000,5.1667
,23.0400,3.8570,0.0000,0.0000,54.17,1.79,0.1000,0.0000,0.0000,0.0000,5.4167
,23.5000,3.7825,0.0000,0.0000,149.17,4.94,0.1000,0.0000,0.0000,0.0000,17.9000
,24.1800,3.6777,0.0000,0.0000,129.17,4.28,0.1000,0.0000,0.0000,0.0000,18.0833
,24.5800,3.6187,0.0000,0.0000,961.67,31.84,0.1600,0.0000,0.0000,0.0000,134.6333
,25.0800,3.5477,0.0000,0.0000,300.83,9.96,0.0800,0.0000,0.0000,0.0000,30.0833
,25.4800,3.4929,0.0000,0.0000,108.33,3.59,0.1600,0.0000,0.0000,0.0000,10.8333
,26.1600,3.4036,0.0000,0.0000,158.33,5.24,0.0400,0.0000,0.0000,0.0000,19.0000
,26.3600,3.3783,0.0000,0.0000,139.17,4.61,0.1000,0.0000,0.0000,0.0000,22.2667
,26.5800,3.3508,0.0000,0.0000,1599.17,52.95,0.0400,0.0000,0.0000,0.0000,127.9333
,26.8400,3.3189,0.0000,0.0000,303.33,10.04,0.0200,0.0000,0.0000,0.0000,36.4000
,27.2800,3.2664,0.0000,0.0000,61.67,2.04,0.0800,0.0000,0.0000,0.0000,6.1667
,27.3600,3.2570,0.0000,0.0000,55.83,1.85,0.0600,0.0000,0.0000,0.0000,5.5833
,27.8600,3.1997,0.0000,0.0000,3020.00,100.00,0.0800,0.0000,0.0000,0.0000,241.6000
,28.3000,3.1509,0.0000,0.0000,56.67,1.88,0.0800,0.0000,0.0000,0.0000,5.6667
,28.5600,3.1228,0.0000,0.0000,675.00,22.35,0.1600,0.0000,0.0000,0.0000,81.0000
,29.1600,3.0599,0.0000,0.0000,160.00,5.30,0.0600,0.0000,0.0000,0.0000,6.4000
,29.5400,3.0214,0.0000,0.0000,188.33,6.24,0.0600,0.0000,0.0000,0.0000,22.6000
,29.8000,2.9957,0.0000,0.0000,104.17,3.45,0.0800,0.0000,0.0000,0.0000,4.1667
,30.1800,2.9588,0.0000,0.0000,115.83,3.84,0.1000,0.0000,0.0000,0.0000,4.6333
,30.3400,2.9436,0.0000,0.0000,85.00,2.81,0.1200,0.0000,0.0000,0.0000,13.6000
,30.8000,2.9006,0.0000,0.0000,445.00,14.74,0.0400,0.0000,0.0000,0.0000,44.5000
,31.1200,2.8715,0.0000,0.0000,50.83,1.68,0.0600,0.0000,0.0000,0.0000,4.0667
,31.9400,2.7997,0.0000,0.0000,73.33,2.43,0.1000,0.0000,0.0000,0.0000,5.8667
,32.1800,2.7793,0.0000,0.0000,322.50,10.68,0.0200,0.0000,0.0000,0.0000,19.3500
,32.5200,2.7510,0.0000,0.0000,127.50,4.22,0.1200,0.0000,0.0000,0.0000,2.5500
,33.0000,2.7121,0.0000,0.0000,170.83,5.66,0.0800,0.0000,0.0000,0.0000,10.2500
,33.4000,2.6805,0.0000,0.0000,47.50,1.57,0.0400,0.0000,0.0000,0.0000,3.8000
,34.4800,2.5990,0.0000,0.0000,73.33,2.43,0.1000,0.0000,0.0000,0.0000,7.3333
,35.0600,2.5573,0.0000,0.0000,47.50,1.57,0.0400,0.0000,0.0000,0.0000,4.7500
,35.4800,2.5280,0.0000,0.0000,252.50,8.36,0.1200,0.0000,0.0000,0.0000,40.4000
,36.4800,2.4610,0.0000,0.0000,223.33,7.40,0.0000,0.0000,0.0000,0.0000,13.4000
,37.1200,2.4200,0.0000,0.0000,61.67,2.04,0.0400,0.0000,0.0000,0.0000,7.4000
,37.5000,2.3963,0.0000,0.0000,80.83,2.68,0.1600,0.0000,0.0000,0.0000,12.9333
,37.6000,2.3902,0.0000,0.0000,87.50,2.90,0.1000,0.0000,0.0000,0.0000,10.5000
,38.6000,2.3306,0.0000,0.0000,47.50,1.57,0.0800,0.0000,0.0000,0.0000,4.7500
,39.1000,2.3019,0.0000,0.0000,103.33,3.42,0.1200,0.0000,0.0000,0.0000,6.2000
,39.2400,2.2940,0.0000,0.0000,70.83,2.35,0.1200,0.0000,0.0000,0.0000,11.3333
,39.4000,2.2851,0.0000,0.0000,80.00,2.65,0.1000,0.0000,0.0000,0.0000,12.8000
,39.5200,2.2784,0.0000,0.0000,95.83,3.17,0.1000,0.0000,0.0000,0.0000,11.5000
,39.9200,2.2565,0.0000,0.0000,62.50,2.07,0.0400,0.0000,0.0000,0.0000,5.0000
,40.2400,2.2393,0.0000,0.0000,82.50,2.73,0.1200,0.0000,0.0000,0.0000,3.3000
,41.1800,2.1903,0.0000,0.0000,276.67,9.16,0.0000,0.0000,0.0000,0.0000,5.5333
,41.7800,2.1602,0.0000,0.0000,115.83,3.84,0.1400,0.0000,0.0000,0.0000,9.2667
,42.4000,2.1301,0.0000,0.0000,74.17,2.46,0.0600,0.0000,0.0000,0.0000,2.9667
,43.0000,2.1017,0.0000,0.0000,144.17,4.77,0.0600,0.0000,0.0000,0.0000,8.6500
,43.3400,2.0860,0.0000,0.0000,62.50,2.07,0.0600,0.0000,0.0000,0.0000,2.5000
,44.6000,2.0300,0.0000,0.0000,72.50,2.40,0.1600,0.0000,0.0000,0.0000,2.9000
,44.8600,2.0188,0.0000,0.0000,57.50,1.90,0.1000,0.0000,0.0000,0.0000,4.6000
,45.5200,1.9910,0.0000,0.0000,82.50,2.73,0.0400,0.0000,0.0000,0.0000,13.2000
,45.7400,1.9820,0.0000,0.0000,69.17,2.29,0.1000,0.0000,0.0000,0.0000,6.9167
,48.6000,1.8718,0.0000,0.0000,62.50,2.07,0.0400,0.0000,0.0000,0.0000,7.5000
,50.1000,1.8192,0.0000,0.0000,154.17,5.10,0.1000,0.0000,0.0000,0.0000,9.2500
,50.2200,1.8152,0.0000,0.0000,114.17,3.78,0.1000,0.0000,0.0000,0.0000,13.7000
,50.5600,1.8038,0.0000,0.0000,50.83,1.68,0.0800,0.0000,0.0000,0.0000,5.0833
,52.0600,1.7553,0.0000,0.0000,94.17,3.12,0.1000,0.0000,0.0000,0.0000,7.5333
,52.1800,1.7515,0.0000,0.0000,69.17,2.29,0.1200,0.0000,0.0000,0.0000,4.1500
,54.3200,1.6874,0.0000,0.0000,54.17,1.79,0.0200,0.0000,0.0000,0.0000,6.5000
,54.8400,1.6727,0.0000,0.0000,59.17,1.96,0.0600,0.0000,0.0000,0.0000,3.5500
,54.9800,1.6687,0.0000,0.0000,52.50,1.74,0.0600,0.0000,0.0000,0.0000,1.0500
,56.1200,1.6375,0.0000,0.0000,150.83,4.99,0.1400,0.0000,0.0000,0.0000,15.0833
,56.9000,1.6169,0.0000,0.0000,73.33,2.43,0.0800,0.0000,0.0000,0.0000,10.2667
,57.6600,1.5974,0.0000,0.0000,48.33,1.60,0.0600,0.0000,0.0000,0.0000,2.9000
,58.9000,1.5667,0.0000,0.0000,78.33,2.59,0.0800,0.0000,0.0000,0.0000,4.7000
,59.0800,1.5623,0.0000,0.0000,68.33,2.26,0.1600,0.0000,0.0000,0.0000,4.1000
,59.1800,1.5599,0.0000,0.0000,70.83,2.35,0.0600,0.0000,0.0000,0.0000,5.6667
,59.9000,1.5429,0.0000,0.0000,144.17,4.77,0.1200,0.0000,0.0000,0.0000,8.6500
,60.0600,1.5392,0.0000,0.0000,78.33,2.59,0.0800,0.0000,0.0000,0.0000,6.2667
,61.8200,1.4995,0.0000,0.0000,330.00,10.93,0.0000,0.0000,0.0000,0.0000,19.8000
,62.0000,1.4956,0.0000,0.0000,188.33,6.24,0.0600,0.0000,0.0000,0.0000,15.0667
,62.6000,1.4827,0.0000,0.0000,328.33,10.87,0.1400,0.0000,0.0000,0.0000,13.1333
,62.7800,1.4789,0.0000,0.0000,157.50,5.22,0.0800,0.0000,0.0000,0.0000,6.3000
,63.5800,1.4622,0.0000,0.0000,68.33,2.26,0.0600,0.0000,0.0000,0.0000,5.4667
