,,,,,,,,,
Filename:,,,,,,,,,
,C:\Program,Files\Thermo,Electron\WinXRD\Datafiles\HERMAN\GEO\GS_01_RT.pk,,,,,,
,,,,,,,,,
File,Created:,,,,,,,,
,July,13,2018,-,12:38,PM,,,
,,,,,,,,,
Specimen,Id:,,,,,,,,
,GS-01,RT,,,,,,,
,,,,,,,,,
Specimen,Name:,,,,,,,,
,,,,,,,,,
,,,,,,,,,
Specimen,Description:,,,,,,,,
,,,,,,,,,
,,,,,,,,,
Comment:,,,,,,,,,
Scan,Type:,2Theta,Scan,,,,,,
Start,Angle:,1,deg.,,,,,,
Stop,Angle:,65,deg.,,,,,,
Num,Points:,3201,,,,,,,
Step,Size:,0.02,deg.,,,,,,
Scan,Rate:,1.000000,,,,,,,
Scan,Mode:,Continuous,,,,,,,
Wavelength:,1.540562,,,,,,,,
\Kalpha1:,1.540562,\Kalpha2:,1.544390,\Kbeta:,1.392218,,,,
,,,,,,,,,
Optics:,,,,,,,,,
,Detector:,,,,,,,,
,Type:,Fixed,Slits,,,,,,
,Tube:,,,,,,,,
,Type:,Fixed,Slits,,,,,,
,,,,,,,,,
,,,,,,,,,
Datas:,,,,,,,,,
Peaks:,,,,,,,,,
,,,,,,,,,
Position,Dspace,ESD(P),Corr.Fact,Intensity,Rel.Int.,FWHM(L),ESD(L),Area,Source
[deg],[A],[deg],[deg],[CPS],[CPS],[deg],[deg],[deg],[--]
,2.7200,32.4544,0.0000,0.0000,84.17,1.04,0.0600,0.0000,5.0500
,2.8600,30.8660,0.0000,0.0000,70.00,0.86,0.0400,0.0000,8.4000
,3.1400,28.1142,0.0000,0.0000,83.33,1.03,0.0400,0.0000,6.6667
,3.3000,26.7515,0.0000,0.0000,54.17,0.67,0.0400,0.0000,4.3333
,3.4600,25.5148,0.0000,0.0000,67.50,0.83,0.1200,0.0000,6.7500
,3.5800,24.6598,0.0000,0.0000,75.83,0.93,0.0400,0.0000,4.5500
,3.7600,23.4797,0.0000,0.0000,60.00,0.74,0.1000,0.0000,3.6000
,3.8600,22.8716,0.0000,0.0000,47.50,0.59,0.0800,0.0000,3.8000
,4.1400,21.3253,0.0000,0.0000,64.17,0.79,0.1000,0.0000,6.4167
,4.3200,20.4372,0.0000,0.0000,55.83,0.69,0.1000,0.0000,5.5833
,4.4400,19.8851,0.0000,0.0000,59.17,0.73,0.0800,0.0000,1.1833
,4.5000,19.6201,0.0000,0.0000,43.33,0.53,0.1600,0.0000,6.9333
,4.7000,18.7856,0.0000,0.0000,53.33,0.66,0.1000,0.0000,3.2000
,4.8000,18.3945,0.0000,0.0000,45.00,0.55,0.1200,0.0000,3.6000
,5.0200,17.5888,0.0000,0.0000,35.83,0.44,0.1600,0.0000,2.8667
,5.0800,17.3812,0.0000,0.0000,49.17,0.61,0.1000,0.0000,2.9500
,5.2200,16.9154,0.0000,0.0000,40.83,0.50,0.1600,0.0000,1.6333
,5.5000,16.0548,0.0000,0.0000,39.17,0.48,0.0400,0.0000,2.3500
,5.6600,15.6013,0.0000,0.0000,42.50,0.52,0.0800,0.0000,3.4000
,5.8400,15.1209,0.0000,0.0000,48.33,0.60,0.0800,0.0000,0.9667
,5.9800,14.7672,0.0000,0.0000,40.00,0.49,0.1000,0.0000,5.6000
,6.2000,14.2437,0.0000,0.0000,80.83,1.00,0.0000,0.0000,11.3167
,6.6800,13.2212,0.0000,0.0000,45.00,0.55,0.1600,0.0000,0.9000
,6.9200,12.7632,0.0000,0.0000,45.83,0.56,0.0400,0.0000,1.8333
,7.1400,12.3704,0.0000,0.0000,39.17,0.48,0.0600,0.0000,1.5667
,7.3000,12.0996,0.0000,0.0000,37.50,0.46,0.0400,0.0000,0.7500
,7.4600,11.8405,0.0000,0.0000,31.67,0.39,0.0800,0.0000,0.6333
,7.6000,11.6227,0.0000,0.0000,28.33,0.35,0.1600,0.0000,0.0000
,7.7400,11.4128,0.0000,0.0000,26.67,0.33,0.0600,0.0000,2.6667
,8.5200,10.3696,0.0000,0.0000,49.17,0.61,0.1400,0.0000,2.9500
,8.8200,10.0176,0.0000,0.0000,439.17,5.41,0.1000,0.0000,52.7000
,9.1600,9.6465,0.0000,0.0000,52.50,0.65,0.1000,0.0000,3.1500
,9.3400,9.4610,0.0000,0.0000,28.33,0.35,0.0800,0.0000,0.0000
,9.5600,9.2437,0.0000,0.0000,29.17,0.36,0.0000,0.0000,3.5000
,9.6600,9.1483,0.0000,0.0000,39.17,0.48,0.0800,0.0000,0.7833
,9.9600,8.8734,0.0000,0.0000,42.50,0.52,0.0600,0.0000,0.0000
,10.5000,8.4182,0.0000,0.0000,258.33,3.18,0.0800,0.0000,15.5000
,10.8800,8.1250,0.0000,0.0000,58.33,0.72,0.0600,0.0000,2.3333
,11.3400,7.7965,0.0000,0.0000,29.17,0.36,0.1000,0.0000,1.7500
,11.7000,7.5574,0.0000,0.0000,45.83,0.56,0.1000,0.0000,0.0000
,11.8800,7.4433,0.0000,0.0000,30.83,0.38,0.1200,0.0000,3.7000
,12.1600,7.2725,0.0000,0.0000,217.50,2.68,0.0600,0.0000,21.7500
,12.4600,7.0981,0.0000,0.0000,157.50,1.94,0.0400,0.0000,15.7500
,13.3600,6.6219,0.0000,0.0000,31.67,0.39,0.1600,0.0000,0.0000
,13.6000,6.5055,0.0000,0.0000,75.83,0.93,0.0000,0.0000,3.0333
,13.8200,6.4025,0.0000,0.0000,171.67,2.12,0.0200,0.0000,17.1667
,15.0000,5.9014,0.0000,0.0000,45.00,0.55,0.0800,0.0000,1.8000
,16.0000,5.5347,0.0000,0.0000,28.33,0.35,0.0800,0.0000,0.5667
,16.3400,5.4203,0.0000,0.0000,27.50,0.34,0.1000,0.0000,0.5500
,17.7600,4.9900,0.0000,0.0000,145.83,1.80,0.0200,0.0000,17.5000
,18.3800,4.8230,0.0000,0.0000,26.67,0.33,0.0400,0.0000,1.0667
,18.7400,4.7312,0.0000,0.0000,56.67,0.70,0.1400,0.0000,6.8000
,18.9000,4.6915,0.0000,0.0000,34.17,0.42,0.1200,0.0000,0.0000
,19.8800,4.4624,0.0000,0.0000,47.50,0.59,0.1000,0.0000,4.7500
,20.8200,4.2630,0.0000,0.0000,2207.50,27.20,0.0800,0.0000,132.4500
,21.9800,4.0405,0.0000,0.0000,460.00,5.67,0.1000,0.0000,46.0000
,22.5600,3.9380,0.0000,0.0000,30.83,0.38,0.0000,0.0000,2.4667
,22.9800,3.8669,0.0000,0.0000,77.50,0.96,0.1000,0.0000,12.4000
,23.5400,3.7762,0.0000,0.0000,350.83,4.32,0.1600,0.0000,42.1000
,24.0000,3.7048,0.0000,0.0000,63.33,0.78,0.0600,0.0000,3.8000
,24.2600,3.6657,0.0000,0.0000,185.00,2.28,0.1400,0.0000,25.9000
,24.5800,3.6187,0.0000,0.0000,103.33,1.27,0.1200,0.0000,14.4667
,25.1400,3.5394,0.0000,0.0000,73.33,0.90,0.0400,0.0000,7.3333
,25.5800,3.4795,0.0000,0.0000,174.17,2.15,0.1400,0.0000,24.3833
,25.8200,3.4477,0.0000,0.0000,34.17,0.42,0.1200,0.0000,1.3667
,26.6000,3.3483,0.0000,0.0000,8115.00,100.00,0.0600,0.0000,649.2000
,27.4800,3.2431,0.0000,0.0000,625.83,7.71,0.1000,0.0000,62.5833
,27.9400,3.1907,0.0000,0.0000,2760.83,34.02,0.1200,0.0000,276.0833
,28.5200,3.1271,0.0000,0.0000,116.67,1.44,0.0600,0.0000,18.6667
,28.7000,3.1079,0.0000,0.0000,118.33,1.46,0.1000,0.0000,9.4667
,29.8800,2.9878,0.0000,0.0000,75.00,0.92,0.1000,0.0000,10.5000
,30.0400,2.9723,0.0000,0.0000,80.83,1.00,0.0600,0.0000,11.3167
,30.4400,2.9341,0.0000,0.0000,190.00,2.34,0.0200,0.0000,19.0000
,30.8400,2.8970,0.0000,0.0000,136.67,1.68,0.0200,0.0000,16.4000
,31.1400,2.8697,0.0000,0.0000,199.17,2.45,0.0800,0.0000,7.9667
,31.5400,2.8342,0.0000,0.0000,35.83,0.44,0.0200,0.0000,2.8667
,31.9000,2.8031,0.0000,0.0000,124.17,1.53,0.0000,0.0000,12.4167
,32.2400,2.7743,0.0000,0.0000,30.83,0.38,0.0800,0.0000,2.4667
,33.0600,2.7073,0.0000,0.0000,71.67,0.88,0.0200,0.0000,7.1667
,33.2800,2.6899,0.0000,0.0000,100.83,1.24,0.0200,0.0000,4.0333
,33.9000,2.6421,0.0000,0.0000,44.17,0.54,0.1600,0.0000,3.5333
,34.5000,2.5975,0.0000,0.0000,72.50,0.89,0.0200,0.0000,11.6000
,34.6000,2.5903,0.0000,0.0000,100.00,1.23,0.0000,0.0000,12.0000
,34.9800,2.5630,0.0000,0.0000,78.33,0.97,0.1200,0.0000,12.5333
,35.3400,2.5377,0.0000,0.0000,58.33,0.72,0.1200,0.0000,9.3333
,35.5000,2.5266,0.0000,0.0000,66.67,0.82,0.0000,0.0000,10.6667
,36.0400,2.4900,0.0000,0.0000,35.83,0.44,0.0800,0.0000,1.4333
,36.5000,2.4597,0.0000,0.0000,575.83,7.10,0.0600,0.0000,34.5500
,36.9200,2.4327,0.0000,0.0000,32.50,0.40,0.1600,0.0000,2.6000
,37.2800,2.4100,0.0000,0.0000,48.33,0.60,0.0400,0.0000,4.8333
,37.4200,2.4013,0.0000,0.0000,50.00,0.62,0.0800,0.0000,8.0000
,37.5800,2.3914,0.0000,0.0000,53.33,0.66,0.0800,0.0000,8.5333
,37.6400,2.3878,0.0000,0.0000,50.00,0.62,0.1600,0.0000,8.0000
,37.8400,2.3756,0.0000,0.0000,35.00,0.43,0.0600,0.0000,3.5000
,38.7800,2.3201,0.0000,0.0000,37.50,0.46,0.0600,0.0000,3.0000
,38.8200,2.3178,0.0000,0.0000,40.00,0.49,0.1600,0.0000,2.4000
,39.1400,2.2996,0.0000,0.0000,35.00,0.43,0.1600,0.0000,1.4000
,39.4200,2.2839,0.0000,0.0000,437.50,5.39,0.0200,0.0000,26.2500
,40.2600,2.2382,0.0000,0.0000,240.00,2.96,0.0600,0.0000,14.4000
,41.2800,2.1852,0.0000,0.0000,28.33,0.35,0.0800,0.0000,1.1333
,41.7800,2.1602,0.0000,0.0000,56.67,0.70,0.1400,0.0000,9.0667
,42.4200,2.1291,0.0000,0.0000,480.00,5.91,0.0800,0.0000,57.6000
,42.9600,2.1036,0.0000,0.0000,43.33,0.53,0.1600,0.0000,3.4667
,44.2600,2.0448,0.0000,0.0000,29.17,0.36,0.1400,0.0000,2.3333
,44.4000,2.0386,0.0000,0.0000,26.67,0.33,0.0600,0.0000,0.5333
,45.0000,2.0128,0.0000,0.0000,36.67,0.45,0.1200,0.0000,5.8667
,45.2000,2.0044,0.0000,0.0000,26.67,0.33,0.0400,0.0000,4.2667
,45.5600,1.9894,0.0000,0.0000,114.17,1.41,0.1200,0.0000,18.2667
,45.7600,1.9812,0.0000,0.0000,304.17,3.75,0.0800,0.0000,18.2500
,47.0800,1.9286,0.0000,0.0000,35.00,0.43,0.1600,0.0000,4.9000
,47.2000,1.9240,0.0000,0.0000,35.83,0.44,0.0800,0.0000,5.7333
,47.9600,1.8953,0.0000,0.0000,40.00,0.49,0.1600,0.0000,4.8000
,48.0800,1.8908,0.0000,0.0000,58.33,0.72,0.1600,0.0000,7.0000
,48.2600,1.8842,0.0000,0.0000,48.33,0.60,0.1200,0.0000,7.7333
,49.1800,1.8511,0.0000,0.0000,41.67,0.51,0.1000,0.0000,1.6667
,50.1000,1.8192,0.0000,0.0000,721.67,8.89,0.0800,0.0000,57.7333
,50.6000,1.8024,0.0000,0.0000,109.17,1.35,0.0000,0.0000,15.2833
,50.9200,1.7918,0.0000,0.0000,27.50,0.34,0.1000,0.0000,0.0000
,51.1200,1.7853,0.0000,0.0000,70.00,0.86,0.1200,0.0000,5.6000
,51.2600,1.7808,0.0000,0.0000,49.17,0.61,0.1400,0.0000,4.9167
,52.1000,1.7540,0.0000,0.0000,32.50,0.40,0.1000,0.0000,5.2000
,52.3600,1.7459,0.0000,0.0000,26.67,0.33,0.0400,0.0000,0.0000
,53.2400,1.7191,0.0000,0.0000,42.50,0.52,0.0400,0.0000,6.8000
,54.8400,1.6727,0.0000,0.0000,223.33,2.75,0.0400,0.0000,17.8667
,55.3000,1.6598,0.0000,0.0000,113.33,1.40,0.0600,0.0000,6.8000
,55.4400,1.6560,0.0000,0.0000,54.17,0.67,0.1400,0.0000,4.3333
,55.8800,1.6440,0.0000,0.0000,30.00,0.37,0.1000,0.0000,2.4000
,56.0400,1.6397,0.0000,0.0000,36.67,0.45,0.1600,0.0000,0.0000
,57.1800,1.6097,0.0000,0.0000,30.83,0.38,0.0800,0.0000,3.7000
,57.3000,1.6066,0.0000,0.0000,30.83,0.38,0.0600,0.0000,3.0833
,57.4600,1.6025,0.0000,0.0000,29.17,0.36,0.1000,0.0000,2.9167
,57.6000,1.5989,0.0000,0.0000,31.67,0.39,0.0000,0.0000,4.4333
,58.6400,1.5730,0.0000,0.0000,34.17,0.42,0.1600,0.0000,3.4167
,59.3000,1.5571,0.0000,0.0000,33.33,0.41,0.1400,0.0000,0.0000
,59.9200,1.5424,0.0000,0.0000,583.33,7.19,0.0600,0.0000,46.6667
,60.0800,1.5387,0.0000,0.0000,322.50,3.97,0.0600,0.0000,25.8000
,61.6600,1.5030,0.0000,0.0000,37.50,0.46,0.0600,0.0000,3.0000
,61.9200,1.4973,0.0000,0.0000,32.50,0.40,0.0800,0.0000,5.2000
,61.9800,1.4960,0.0000,0.0000,32.50,0.40,0.0000,0.0000,3.2500
,62.0600,1.4943,0.0000,0.0000,33.33,0.41,0.0800,0.0000,3.3333
,62.2800,1.4895,0.0000,0.0000,33.33,0.41,0.0400,0.0000,1.3333
,63.4400,1.4651,0.0000,0.0000,33.33,0.41,0.1600,0.0000,1.3333
,63.7000,1.4597,0.0000,0.0000,34.17,0.42,0.1400,0.0000,2.0500
,64.0000,1.4536,0.0000,0.0000,151.67,1.87,0.0400,0.0000,6.0667
,64.1600,1.4503,0.0000,0.0000,77.50,0.96,0.1000,0.0000,4.6500
