5	67
5.01	50
5.02	53
5.03	73
5.04	51
5.05	57
5.06	54
5.07	75
5.08	63
5.09	63
5.1	59
5.11	60
5.12	59
5.13	60
5.14	55
5.15	66
5.16	44
5.17	70
5.18	53
5.19	57
5.2	66
5.21	64
5.22	69
5.23	57
5.24	57
5.25	72
5.26	53
5.27	54
5.28	53
5.29	66
5.3	76
5.31	54
5.32	83
5.33	58
5.34	69
5.35	81
5.36	48
5.37	52
5.38	70
5.39	69
5.4	69
5.41	67
5.42	70
5.43	57
5.44	71
5.45	72
5.46	65
5.47	59
5.48	66
5.49	61
5.5	74
5.51	63
5.52	63
5.53	64
5.54	63
5.55	88
5.56	84
5.57	76
5.58	65
5.59	74
5.6	64
5.61	67
5.62	70
5.63	75
5.64	82
5.65	65
5.66	56
5.67	78
5.68	65
5.69	64
5.7	70
5.71	62
5.72	83
5.73	60
5.74	84
5.75	63
5.76	92
5.77	72
5.78	70
5.79	88
5.8	93
5.81	63
5.82	63
5.83	87
5.84	57
5.85	66
5.86	66
5.87	75
5.88	69
5.89	80
5.9	85
5.91	79
5.92	69
5.93	64
5.94	73
5.95	74
5.96	73
5.97	70
5.98	83
5.99	74
6	89
6.01	67
6.02	69
6.03	84
6.04	61
6.05	93
6.06	77
6.07	65
6.08	92
6.09	69
6.1	69
6.11	88
6.12	77
6.13	72
6.14	84
6.15	79
6.16	70
6.17	66
6.18	78
6.19	79
6.2	75
6.21	87
6.22	88
6.23	83
6.24	81
6.25	64
6.26	70
6.27	80
6.28	69
6.29	72
6.3	76
6.31	63
6.32	74
6.33	76
6.34	78
6.35	71
6.36	62
6.37	78
6.38	69
6.39	69
6.4	72
6.41	58
6.42	64
6.43	66
6.44	75
6.45	64
6.46	62
6.47	67
6.48	82
6.49	60
6.5	67
6.51	68
6.52	75
6.53	65
6.54	71
6.55	74
6.56	65
6.57	70
6.58	70
6.59	81
6.6	80
6.61	84
6.62	67
6.63	55
6.64	70
6.65	65
6.66	59
6.67	66
6.68	78
6.69	80
6.7	71
6.71	81
6.72	71
6.73	76
6.74	75
6.75	69
6.76	75
6.77	54
6.78	53
6.79	61
6.8	72
6.81	65
6.82	71
6.83	73
6.84	85
6.85	68
6.86	71
6.87	61
6.88	89
6.89	74
6.9	72
6.91	56
6.92	76
6.93	57
6.94	69
6.95	49
6.96	88
6.97	68
6.98	62
6.99	88
7	72
7.01	75
7.02	60
7.03	55
7.04	74
7.05	62
7.06	77
7.07	72
7.08	60
7.09	72
7.1	80
7.11	80
7.12	66
7.13	55
7.14	66
7.15	65
7.16	79
7.17	56
7.18	67
7.19	65
7.2	65
7.21	73
7.22	66
7.23	78
7.24	71
7.25	57
7.26	72
7.27	86
7.28	68
7.29	78
7.3	71
7.31	73
7.32	75
7.33	71
7.34	72
7.35	93
7.36	78
7.37	69
7.38	83
7.39	50
7.4	69
7.41	67
7.42	78
7.43	79
7.44	65
7.45	66
7.46	80
7.47	63
7.48	63
7.49	75
7.5	71
7.51	72
7.52	79
7.53	66
7.54	57
7.55	80
7.56	62
7.57	67
7.58	62
7.59	84
7.6	70
7.61	65
7.62	71
7.63	57
7.64	69
7.65	75
7.66	61
7.67	70
7.68	73
7.69	72
7.7	72
7.71	77
7.72	69
7.73	83
7.74	66
7.75	94
7.76	62
7.77	73
7.78	68
7.79	69
7.8	72
7.81	85
7.82	67
7.83	83
7.84	87
7.85	72
7.86	79
7.87	85
7.88	82
7.89	66
7.9	58
7.91	86
7.92	90
7.93	102
7.94	92
7.95	82
7.96	85
7.97	92
7.98	80
7.99	109
8	77
8.01	63
8.02	91
8.03	72
8.04	90
8.05	81
8.06	66
8.07	76
8.08	73
8.09	86
8.1	72
8.11	64
8.12	69
8.13	77
8.14	65
8.15	85
8.16	77
8.17	86
8.18	85
8.19	88
8.2	55
8.21	78
8.22	84
8.23	74
8.24	71
8.25	93
8.26	80
8.27	68
8.28	80
8.29	72
8.3	62
8.31	84
8.32	93
8.33	66
8.34	77
8.35	79
8.36	67
8.37	88
8.38	69
8.39	74
8.4	81
8.41	74
8.42	86
8.43	70
8.44	81
8.45	78
8.46	75
8.47	78
8.48	84
8.49	90
8.5	92
8.51	88
8.52	80
8.53	89
8.54	104
8.55	101
8.56	105
8.57	92
8.58	114
8.59	110
8.6	131
8.61	124
8.62	103
8.63	142
8.64	136
8.65	137
8.66	165
8.67	189
8.68	183
8.69	215
8.7	249
8.71	295
8.72	267
8.73	351
8.74	373
8.75	497
8.76	573
8.77	669
8.78	745
8.79	920
8.8	995
8.81	1138
8.82	1287
8.83	1461
8.84	1523
8.85	1546
8.86	1311
8.87	1058
8.88	754
8.89	518
8.9	391
8.91	267
8.92	211
8.93	204
8.94	139
8.95	136
8.96	132
8.97	138
8.98	128
8.99	119
9	116
9.01	115
9.02	118
9.03	103
9.04	125
9.05	94
9.06	107
9.07	89
9.08	89
9.09	100
9.1	81
9.11	86
9.12	97
9.13	75
9.14	92
9.15	60
9.16	86
9.17	73
9.18	64
9.19	88
9.2	78
9.21	78
9.22	78
9.23	72
9.24	62
9.25	89
9.26	77
9.27	88
9.28	78
9.29	56
9.3	67
9.31	52
9.32	84
9.33	74
9.34	67
9.35	79
9.36	82
9.37	76
9.38	77
9.39	66
9.4	83
9.41	65
9.42	68
9.43	73
9.44	83
9.45	75
9.46	64
9.47	72
9.48	64
9.49	66
9.5	57
9.51	56
9.52	76
9.53	60
9.54	62
9.55	83
9.56	72
9.57	74
9.58	63
9.59	68
9.6	67
9.61	71
9.62	57
9.63	73
9.64	55
9.65	77
9.66	67
9.67	73
9.68	59
9.69	70
9.7	65
9.71	61
9.72	86
9.73	68
9.74	59
9.75	80
9.76	70
9.77	68
9.78	59
9.79	69
9.8	56
9.81	61
9.82	85
9.83	66
9.84	74
9.85	70
9.86	66
9.87	54
9.88	63
9.89	48
9.9	62
9.91	54
9.92	53
9.93	70
9.94	56
9.95	75
9.96	70
9.97	55
9.98	58
9.99	54
10	58
10.01	60
10.02	52
10.03	66
10.04	86
10.05	53
10.06	75
10.07	63
10.08	58
10.09	70
10.1	51
10.11	68
10.12	50
10.13	73
10.14	65
10.15	69
10.16	56
10.17	67
10.18	59
10.19	80
10.2	84
10.21	61
10.22	68
10.23	67
10.24	81
10.25	60
10.26	65
10.27	71
10.28	88
10.29	52
10.3	65
10.31	75
10.32	57
10.33	67
10.34	69
10.35	55
10.36	60
10.37	74
10.38	62
10.39	68
10.4	60
10.41	70
10.42	54
10.43	66
10.44	58
10.45	73
10.46	75
10.47	60
10.48	64
10.49	74
10.5	59
10.51	81
10.52	83
10.53	72
10.54	65
10.55	77
10.56	40
10.57	62
10.58	57
10.59	68
10.6	62
10.61	78
10.62	58
10.63	43
10.64	57
10.65	68
10.66	60
10.67	62
10.68	70
10.69	59
10.7	55
10.71	79
10.72	61
10.73	73
10.74	81
10.75	70
10.76	56
10.77	72
10.78	62
10.79	62
10.8	63
10.81	49
10.82	76
10.83	69
10.84	49
10.85	65
10.86	61
10.87	65
10.88	59
10.89	70
10.9	60
10.91	69
10.92	46
10.93	55
10.94	71
10.95	59
10.96	67
10.97	62
10.98	49
10.99	69
11	59
11.01	75
11.02	47
11.03	65
11.04	68
11.05	74
11.06	57
11.07	49
11.08	59
11.09	56
11.1	72
11.11	61
11.12	66
11.13	67
11.14	77
11.15	64
11.16	43
11.17	78
11.18	62
11.19	56
11.2	68
11.21	67
11.22	64
11.23	71
11.24	56
11.25	53
11.26	53
11.27	72
11.28	71
11.29	64
11.3	59
11.31	52
11.32	60
11.33	61
11.34	59
11.35	54
11.36	61
11.37	54
11.38	53
11.39	64
11.4	68
11.41	65
11.42	63
11.43	63
11.44	65
11.45	53
11.46	63
11.47	66
11.48	76
11.49	48
11.5	45
11.51	58
11.52	57
11.53	75
11.54	46
11.55	51
11.56	60
11.57	67
11.58	54
11.59	63
11.6	44
11.61	65
11.62	58
11.63	68
11.64	49
11.65	56
11.66	77
11.67	70
11.68	86
11.69	62
11.7	57
11.71	68
11.72	54
11.73	57
11.74	72
11.75	55
11.76	67
11.77	65
11.78	62
11.79	61
11.8	54
11.81	71
11.82	69
11.83	69
11.84	55
11.85	61
11.86	61
11.87	65
11.88	57
11.89	68
11.9	63
11.91	52
11.92	54
11.93	49
11.94	56
11.95	67
11.96	62
11.97	57
11.98	51
11.99	60
12	62
12.01	62
12.02	70
12.03	58
12.04	60
12.05	56
12.06	64
12.07	57
12.08	55
12.09	61
12.1	63
12.11	62
12.12	57
12.13	52
12.14	52
12.15	69
12.16	53
12.17	61
12.18	60
12.19	61
12.2	54
12.21	47
12.22	49
12.23	63
12.24	59
12.25	65
12.26	61
12.27	60
12.28	58
12.29	58
12.3	71
12.31	48
12.32	52
12.33	62
12.34	54
12.35	63
12.36	66
12.37	61
12.38	58
12.39	68
12.4	69
12.41	64
12.42	56
12.43	49
12.44	56
12.45	59
12.46	64
12.47	44
12.48	61
12.49	58
12.5	50
12.51	68
12.52	56
12.53	52
12.54	55
12.55	56
12.56	50
12.57	48
12.58	58
12.59	57
12.6	50
12.61	56
12.62	59
12.63	50
12.64	54
12.65	70
12.66	64
12.67	64
12.68	61
12.69	55
12.7	57
12.71	49
12.72	63
12.73	61
12.74	51
12.75	62
12.76	44
12.77	57
12.78	80
12.79	58
12.8	55
12.81	59
12.82	62
12.83	55
12.84	67
12.85	53
12.86	63
12.87	65
12.88	59
12.89	58
12.9	51
12.91	61
12.92	60
12.93	51
12.94	67
12.95	50
12.96	51
12.97	68
12.98	59
12.99	64
13	57
13.01	51
13.02	57
13.03	51
13.04	61
13.05	54
13.06	48
13.07	42
13.08	56
13.09	66
13.1	59
13.11	50
13.12	52
13.13	66
13.14	40
13.15	52
13.16	71
13.17	48
13.18	50
13.19	57
13.2	59
13.21	66
13.22	50
13.23	49
13.24	58
13.25	55
13.26	55
13.27	46
13.28	46
13.29	54
13.3	42
13.31	57
13.32	57
13.33	61
13.34	49
13.35	79
13.36	52
13.37	42
13.38	58
13.39	58
13.4	51
13.41	51
13.42	58
13.43	67
13.44	62
13.45	57
13.46	58
13.47	51
13.48	50
13.49	60
13.5	43
13.51	57
13.52	52
13.53	53
13.54	67
13.55	53
13.56	49
13.57	58
13.58	64
13.59	60
13.6	58
13.61	58
13.62	66
13.63	72
13.64	44
13.65	57
13.66	63
13.67	59
13.68	60
13.69	54
13.7	53
13.71	50
13.72	51
13.73	63
13.74	64
13.75	63
13.76	65
13.77	71
13.78	54
13.79	77
13.8	45
13.81	52
13.82	54
13.83	51
13.84	52
13.85	67
13.86	53
13.87	47
13.88	54
13.89	44
13.9	62
13.91	65
13.92	56
13.93	60
13.94	58
13.95	61
13.96	53
13.97	64
13.98	50
13.99	54
14	63
14.01	55
14.02	49
14.03	60
14.04	61
14.05	37
14.06	68
14.07	46
14.08	55
14.09	66
14.1	57
14.11	46
14.12	61
14.13	65
14.14	54
14.15	50
14.16	62
14.17	60
14.18	47
14.19	51
14.2	69
14.21	62
14.22	54
14.23	57
14.24	53
14.25	54
14.26	51
14.27	57
14.28	62
14.29	56
14.3	77
14.31	51
14.32	67
14.33	62
14.34	53
14.35	50
14.36	53
14.37	54
14.38	47
14.39	54
14.4	56
14.41	65
14.42	54
14.43	57
14.44	54
14.45	53
14.46	48
14.47	45
14.48	37
14.49	59
14.5	54
14.51	54
14.52	54
14.53	51
14.54	63
14.55	57
14.56	48
14.57	61
14.58	51
14.59	62
14.6	70
14.61	60
14.62	80
14.63	68
14.64	74
14.65	63
14.66	70
14.67	60
14.68	63
14.69	54
14.7	67
14.71	46
14.72	66
14.73	55
14.74	54
14.75	72
14.76	60
14.77	60
14.78	50
14.79	60
14.8	70
14.81	61
14.82	56
14.83	50
14.84	59
14.85	66
14.86	54
14.87	65
14.88	54
14.89	65
14.9	62
14.91	62
14.92	45
14.93	55
14.94	57
14.95	59
14.96	59
14.97	58
14.98	48
14.99	61
15	59
15.01	59
15.02	55
15.03	51
15.04	58
15.05	48
15.06	70
15.07	66
15.08	61
15.09	60
15.1	64
15.11	51
15.12	62
15.13	49
15.14	51
15.15	64
15.16	64
15.17	53
15.18	47
15.19	46
15.2	70
15.21	61
15.22	57
15.23	56
15.24	68
15.25	55
15.26	47
15.27	63
15.28	51
15.29	64
15.3	50
15.31	64
15.32	51
15.33	58
15.34	58
15.35	51
15.36	50
15.37	54
15.38	46
15.39	57
15.4	63
15.41	57
15.42	61
15.43	55
15.44	56
15.45	53
15.46	55
15.47	54
15.48	51
15.49	42
15.5	54
15.51	58
15.52	75
15.53	58
15.54	39
15.55	50
15.56	51
15.57	57
15.58	57
15.59	64
15.6	47
15.61	54
15.62	49
15.63	49
15.64	71
15.65	74
15.66	48
15.67	44
15.68	52
15.69	52
15.7	58
15.71	55
15.72	61
15.73	51
15.74	69
15.75	54
15.76	61
15.77	47
15.78	57
15.79	60
15.8	52
15.81	70
15.82	85
15.83	56
15.84	52
15.85	45
15.86	49
15.87	57
15.88	50
15.89	58
15.9	58
15.91	49
15.92	60
15.93	64
15.94	55
15.95	51
15.96	55
15.97	70
15.98	49
15.99	53
16	58
16.01	46
16.02	64
16.03	58
16.04	52
16.05	50
16.06	67
16.07	63
16.08	52
16.09	54
16.1	56
16.11	63
16.12	49
16.13	55
16.14	56
16.15	59
16.16	55
16.17	68
16.18	44
16.19	52
16.2	53
16.21	49
16.22	59
16.23	66
16.24	66
16.25	67
16.26	61
16.27	62
16.28	52
16.29	52
16.3	50
16.31	56
16.32	67
16.33	58
16.34	61
16.35	63
16.36	58
16.37	55
16.38	54
16.39	66
16.4	59
16.41	71
16.42	53
16.43	55
16.44	55
16.45	66
16.46	68
16.47	31
16.48	61
16.49	74
16.5	66
16.51	63
16.52	54
16.53	38
16.54	50
16.55	56
16.56	48
16.57	58
16.58	50
16.59	52
16.6	62
16.61	46
16.62	58
16.63	49
16.64	55
16.65	65
16.66	59
16.67	61
16.68	62
16.69	42
16.7	55
16.71	49
16.72	59
16.73	45
16.74	57
16.75	51
16.76	65
16.77	59
16.78	48
16.79	52
16.8	55
16.81	64
16.82	66
16.83	52
16.84	56
16.85	46
16.86	51
16.87	61
16.88	51
16.89	57
16.9	53
16.91	54
16.92	63
16.93	49
16.94	56
16.95	42
16.96	53
16.97	52
16.98	50
16.99	55
17	60
17.01	66
17.02	69
17.03	55
17.04	65
17.05	56
17.06	59
17.07	55
17.08	58
17.09	63
17.1	50
17.11	53
17.12	52
17.13	47
17.14	54
17.15	50
17.16	54
17.17	57
17.18	62
17.19	47
17.2	57
17.21	47
17.22	51
17.23	55
17.24	43
17.25	59
17.26	45
17.27	57
17.28	53
17.29	51
17.3	68
17.31	46
17.32	51
17.33	53
17.34	53
17.35	57
17.36	47
17.37	68
17.38	50
17.39	44
17.4	40
17.41	53
17.42	55
17.43	50
17.44	55
17.45	55
17.46	69
17.47	61
17.48	64
17.49	53
17.5	63
17.51	48
17.52	59
17.53	46
17.54	76
17.55	49
17.56	60
17.57	69
17.58	55
17.59	58
17.6	69
17.61	66
17.62	61
17.63	71
17.64	71
17.65	74
17.66	81
17.67	76
17.68	64
17.69	73
17.7	80
17.71	75
17.72	74
17.73	72
17.74	73
17.75	65
17.76	55
17.77	60
17.78	52
17.79	68
17.8	52
17.81	50
17.82	42
17.83	45
17.84	51
17.85	58
17.86	61
17.87	60
17.88	55
17.89	75
17.9	55
17.91	53
17.92	56
17.93	48
17.94	58
17.95	68
17.96	62
17.97	66
17.98	52
17.99	49
18	51
18.01	60
18.02	54
18.03	60
18.04	64
18.05	56
18.06	52
18.07	45
18.08	68
18.09	52
18.1	62
18.11	50
18.12	63
18.13	49
18.14	48
18.15	61
18.16	68
18.17	61
18.18	66
18.19	52
18.2	46
18.21	58
18.22	54
18.23	59
18.24	67
18.25	48
18.26	56
18.27	46
18.28	45
18.29	54
18.3	52
18.31	60
18.32	56
18.33	62
18.34	61
18.35	61
18.36	47
18.37	49
18.38	65
18.39	61
18.4	50
18.41	63
18.42	58
18.43	54
18.44	57
18.45	61
18.46	54
18.47	61
18.48	56
18.49	71
18.5	52
18.51	51
18.52	52
18.53	57
18.54	67
18.55	51
18.56	58
18.57	55
18.58	58
18.59	50
18.6	66
18.61	59
18.62	56
18.63	37
18.64	55
18.65	45
18.66	42
18.67	57
18.68	66
18.69	43
18.7	57
18.71	49
18.72	40
18.73	46
18.74	50
18.75	56
18.76	51
18.77	52
18.78	57
18.79	68
18.8	58
18.81	49
18.82	53
18.83	67
18.84	60
18.85	51
18.86	59
18.87	65
18.88	58
18.89	60
18.9	72
18.91	71
18.92	59
18.93	73
18.94	53
18.95	48
18.96	60
18.97	59
18.98	49
18.99	50
19	54
19.01	56
19.02	42
19.03	53
19.04	46
19.05	61
19.06	70
19.07	55
19.08	76
19.09	70
19.1	48
19.11	50
19.12	49
19.13	68
19.14	52
19.15	69
19.16	53
19.17	56
19.18	61
19.19	61
19.2	66
19.21	59
19.22	43
19.23	54
19.24	68
19.25	48
19.26	55
19.27	61
19.28	42
19.29	42
19.3	74
19.31	50
19.32	59
19.33	55
19.34	55
19.35	63
19.36	56
19.37	68
19.38	71
19.39	63
19.4	65
19.41	70
19.42	62
19.43	59
19.44	67
19.45	68
19.46	66
19.47	62
19.48	48
19.49	78
19.5	52
19.51	61
19.52	41
19.53	46
19.54	64
19.55	53
19.56	51
19.57	71
19.58	65
19.59	58
19.6	49
19.61	66
19.62	44
19.63	56
19.64	50
19.65	53
19.66	61
19.67	48
19.68	66
19.69	50
19.7	69
19.71	49
19.72	59
19.73	73
19.74	59
19.75	63
19.76	59
19.77	66
19.78	45
19.79	48
19.8	44
19.81	54
19.82	53
19.83	59
19.84	66
19.85	58
19.86	66
19.87	54
19.88	67
19.89	54
19.9	50
19.91	55
19.92	61
19.93	54
19.94	68
19.95	64
19.96	65
19.97	56
19.98	61
19.99	58
20	45
20.01	51
20.02	56
20.03	65
20.04	60
20.05	51
20.06	58
20.07	55
20.08	39
20.09	57
20.1	48
20.11	46
20.12	59
20.13	57
20.14	62
20.15	68
20.16	39
20.17	61
20.18	57
20.19	47
20.2	50
20.21	64
20.22	54
20.23	47
20.24	54
20.25	55
20.26	62
20.27	58
20.28	54
20.29	66
20.3	63
20.31	59
20.32	69
20.33	59
20.34	58
20.35	64
20.36	49
20.37	45
20.38	58
20.39	55
20.4	73
20.41	65
20.42	59
20.43	56
20.44	56
20.45	61
20.46	58
20.47	66
20.48	59
20.49	46
20.5	67
20.51	61
20.52	61
20.53	51
20.54	51
20.55	63
20.56	42
20.57	59
20.58	47
20.59	64
20.6	51
20.61	61
20.62	68
20.63	52
20.64	56
20.65	54
20.66	68
20.67	61
20.68	55
20.69	74
20.7	64
20.71	60
20.72	71
20.73	47
20.74	58
20.75	65
20.76	61
20.77	51
20.78	44
20.79	66
20.8	50
20.81	61
20.82	58
20.83	49
20.84	51
20.85	57
20.86	46
20.87	56
20.88	70
20.89	63
20.9	42
20.91	63
20.92	52
20.93	56
20.94	66
20.95	62
20.96	56
20.97	60
20.98	60
20.99	55
21	53
21.01	50
21.02	55
21.03	60
21.04	36
21.05	58
21.06	61
21.07	59
21.08	49
21.09	51
21.1	62
21.11	59
21.12	66
21.13	56
21.14	74
21.15	69
21.16	42
21.17	64
21.18	53
21.19	59
21.2	43
21.21	52
21.22	62
21.23	58
21.24	72
21.25	60
21.26	57
21.27	65
21.28	57
21.29	62
21.3	61
21.31	46
21.32	66
21.33	64
21.34	55
21.35	60
21.36	56
21.37	64
21.38	67
21.39	59
21.4	64
21.41	60
21.42	44
21.43	55
21.44	51
21.45	68
21.46	52
21.47	60
21.48	71
21.49	56
21.5	63
21.51	59
21.52	48
21.53	62
21.54	55
21.55	55
21.56	53
21.57	59
21.58	68
21.59	53
21.6	66
21.61	58
21.62	54
21.63	50
21.64	50
21.65	51
21.66	68
21.67	56
21.68	57
21.69	58
21.7	55
21.71	73
21.72	49
21.73	60
21.74	49
21.75	63
21.76	45
21.77	44
21.78	50
21.79	64
21.8	68
21.81	64
21.82	52
21.83	64
21.84	51
21.85	53
21.86	52
21.87	50
21.88	69
21.89	53
21.9	56
21.91	44
21.92	43
21.93	61
21.94	57
21.95	48
21.96	50
21.97	67
21.98	46
21.99	57
22	65
22.01	75
22.02	67
22.03	57
22.04	47
22.05	72
22.06	53
22.07	56
22.08	62
22.09	56
22.1	59
22.11	67
22.12	58
22.13	59
22.14	55
22.15	76
22.16	52
22.17	57
22.18	52
22.19	57
22.2	73
22.21	66
22.22	55
22.23	65
22.24	60
22.25	56
22.26	50
22.27	56
22.28	58
22.29	62
22.3	56
22.31	69
22.32	64
22.33	59
22.34	54
22.35	55
22.36	57
22.37	64
22.38	46
22.39	50
22.4	56
22.41	60
22.42	50
22.43	45
22.44	49
22.45	40
22.46	67
22.47	61
22.48	69
22.49	62
22.5	54
22.51	56
22.52	69
22.53	64
22.54	54
22.55	63
22.56	66
22.57	64
22.58	62
22.59	51
22.6	72
22.61	59
22.62	50
22.63	56
22.64	60
22.65	60
22.66	60
22.67	51
22.68	47
22.69	53
22.7	45
22.71	59
22.72	68
22.73	56
22.74	78
22.75	72
22.76	64
22.77	54
22.78	62
22.79	56
22.8	53
22.81	43
22.82	56
22.83	58
22.84	59
22.85	45
22.86	47
22.87	45
22.88	59
22.89	59
22.9	55
22.91	56
22.92	60
22.93	50
22.94	59
22.95	58
22.96	48
22.97	52
22.98	63
22.99	56
23	54
23.01	51
23.02	61
23.03	55
23.04	56
23.05	64
23.06	47
23.07	57
23.08	59
23.09	62
23.1	50
23.11	61
23.12	59
23.13	61
23.14	60
23.15	59
23.16	45
23.17	51
23.18	57
23.19	57
23.2	46
23.21	54
23.22	58
23.23	58
23.24	48
23.25	53
23.26	52
23.27	59
23.28	42
23.29	51
23.3	67
23.31	75
23.32	54
23.33	60
23.34	64
23.35	58
23.36	60
23.37	62
23.38	73
23.39	61
23.4	47
23.41	60
23.42	50
23.43	74
23.44	78
23.45	59
23.46	58
23.47	56
23.48	54
23.49	53
23.5	54
23.51	64
23.52	57
23.53	56
23.54	64
23.55	59
23.56	70
23.57	67
23.58	57
23.59	70
23.6	71
23.61	47
23.62	63
23.63	57
23.64	52
23.65	57
23.66	57
23.67	55
23.68	66
23.69	63
23.7	54
23.71	57
23.72	56
23.73	62
23.74	57
23.75	52
23.76	62
23.77	59
23.78	55
23.79	67
23.8	65
23.81	49
23.82	53
23.83	54
23.84	66
23.85	68
23.86	53
23.87	68
23.88	62
23.89	68
23.9	52
23.91	53
23.92	59
23.93	56
23.94	53
23.95	63
23.96	60
23.97	72
23.98	63
23.99	77
24	70
24.01	61
24.02	65
24.03	65
24.04	52
24.05	70
24.06	72
24.07	75
24.08	61
24.09	76
24.1	61
24.11	62
24.12	63
24.13	61
24.14	76
24.15	62
24.16	67
24.17	75
24.18	69
24.19	77
24.2	60
24.21	62
24.22	60
24.23	76
24.24	65
24.25	80
24.26	61
24.27	59
24.28	70
24.29	63
24.3	70
24.31	65
24.32	57
24.33	69
24.34	74
24.35	55
24.36	75
24.37	62
24.38	58
24.39	51
24.4	46
24.41	53
24.42	57
24.43	70
24.44	44
24.45	54
24.46	63
24.47	71
24.48	59
24.49	54
24.5	56
24.51	66
24.52	48
24.53	55
24.54	44
24.55	62
24.56	56
24.57	47
24.58	55
24.59	52
24.6	48
24.61	61
24.62	53
24.63	55
24.64	72
24.65	63
24.66	55
24.67	55
24.68	75
24.69	54
24.7	58
24.71	58
24.72	64
24.73	47
24.74	59
24.75	59
24.76	65
24.77	53
24.78	67
24.79	55
24.8	58
24.81	59
24.82	57
24.83	67
24.84	70
24.85	69
24.86	58
24.87	56
24.88	56
24.89	80
24.9	48
24.91	64
24.92	57
24.93	62
24.94	55
24.95	50
24.96	52
24.97	58
24.98	53
24.99	56
25	56
25.01	55
25.02	69
25.03	69
25.04	53
25.05	57
25.06	59
25.07	57
25.08	42
25.09	55
25.1	57
25.11	57
25.12	59
25.13	57
25.14	61
25.15	57
25.16	80
25.17	58
25.18	49
25.19	51
25.2	50
25.21	51
25.22	51
25.23	50
25.24	53
25.25	60
25.26	67
25.27	73
25.28	69
25.29	53
25.3	47
25.31	59
25.32	50
25.33	64
25.34	62
25.35	62
25.36	59
25.37	63
25.38	57
25.39	56
25.4	57
25.41	51
25.42	63
25.43	68
25.44	55
25.45	63
25.46	62
25.47	54
25.48	69
25.49	57
25.5	54
25.51	62
25.52	61
25.53	53
25.54	66
25.55	61
25.56	79
25.57	62
25.58	46
25.59	68
25.6	72
25.61	59
25.62	63
25.63	63
25.64	46
25.65	52
25.66	62
25.67	59
25.68	63
25.69	65
25.7	67
25.71	65
25.72	67
25.73	64
25.74	65
25.75	65
25.76	58
25.77	56
25.78	57
25.79	75
25.8	64
25.81	47
25.82	62
25.83	57
25.84	72
25.85	53
25.86	45
25.87	62
25.88	66
25.89	81
25.9	63
25.91	60
25.92	68
25.93	71
25.94	60
25.95	63
25.96	54
25.97	57
25.98	62
25.99	63
26	78
26.01	67
26.02	73
26.03	61
26.04	76
26.05	54
26.06	72
26.07	78
26.08	77
26.09	76
26.1	97
26.11	81
26.12	80
26.13	77
26.14	88
26.15	91
26.16	78
26.17	74
26.18	79
26.19	72
26.2	70
26.21	88
26.22	68
26.23	77
26.24	74
26.25	70
26.26	77
26.27	63
26.28	63
26.29	77
26.3	80
26.31	80
26.32	66
26.33	70
26.34	77
26.35	81
26.36	75
26.37	77
26.38	82
26.39	65
26.4	66
26.41	73
26.42	77
26.43	89
26.44	72
26.45	76
26.46	89
26.47	86
26.48	96
26.49	84
26.5	105
26.51	124
26.52	114
26.53	153
26.54	169
26.55	207
26.56	243
26.57	321
26.58	351
26.59	411
26.6	440
26.61	468
26.62	427
26.63	381
26.64	356
26.65	349
26.66	281
26.67	304
26.68	274
26.69	227
26.7	190
26.71	161
26.72	135
26.73	128
26.74	105
26.75	109
26.76	95
26.77	84
26.78	80
26.79	75
26.8	82
26.81	78
26.82	94
26.83	72
26.84	76
26.85	79
26.86	80
26.87	58
26.88	73
26.89	65
26.9	59
26.91	76
26.92	76
26.93	78
26.94	79
26.95	86
26.96	74
26.97	69
26.98	61
26.99	53
27	58
27.01	73
27.02	60
27.03	55
27.04	62
27.05	71
27.06	52
27.07	72
27.08	68
27.09	68
27.1	67
27.11	61
27.12	73
27.13	91
27.14	69
27.15	75
27.16	75
27.17	65
27.18	59
27.19	47
27.2	54
27.21	62
27.22	54
27.23	46
27.24	70
27.25	65
27.26	63
27.27	70
27.28	60
27.29	64
27.3	63
27.31	46
27.32	53
27.33	55
27.34	62
27.35	65
27.36	80
27.37	58
27.38	61
27.39	71
27.4	56
27.41	50
27.42	48
27.43	55
27.44	81
27.45	58
27.46	46
27.47	64
27.48	54
27.49	64
27.5	66
27.51	64
27.52	61
27.53	62
27.54	73
27.55	87
27.56	66
27.57	63
27.58	51
27.59	59
27.6	83
27.61	69
27.62	72
27.63	65
27.64	53
27.65	55
27.66	67
27.67	79
27.68	61
27.69	47
27.7	54
27.71	70
27.72	67
27.73	55
27.74	68
27.75	58
27.76	52
27.77	61
27.78	68
27.79	85
27.8	55
27.81	45
27.82	71
27.83	56
27.84	47
27.85	60
27.86	61
27.87	62
27.88	57
27.89	67
27.9	60
27.91	70
27.92	50
27.93	69
27.94	53
27.95	54
27.96	70
27.97	58
27.98	67
27.99	50
28	67
28.01	54
28.02	58
28.03	62
28.04	55
28.05	52
28.06	48
28.07	61
28.08	65
28.09	61
28.1	75
28.11	69
28.12	70
28.13	65
28.14	63
28.15	84
28.16	78
28.17	73
28.18	68
28.19	67
28.2	65
28.21	74
28.22	73
28.23	83
28.24	67
28.25	57
28.26	70
28.27	76
28.28	73
28.29	82
28.3	57
28.31	77
28.32	85
28.33	78
28.34	79
28.35	77
28.36	67
28.37	83
28.38	60
28.39	73
28.4	94
28.41	85
28.42	77
28.43	69
28.44	67
28.45	78
28.46	104
28.47	77
28.48	68
28.49	71
28.5	66
28.51	75
28.52	76
28.53	75
28.54	81
28.55	79
28.56	77
28.57	65
28.58	56
28.59	53
28.6	69
28.61	64
28.62	62
28.63	64
28.64	73
28.65	68
28.66	62
28.67	64
28.68	65
28.69	64
28.7	77
28.71	55
28.72	63
28.73	75
28.74	80
28.75	53
28.76	54
28.77	62
28.78	67
28.79	64
28.8	53
28.81	70
28.82	51
28.83	56
28.84	60
28.85	51
28.86	61
28.87	83
28.88	61
28.89	51
28.9	47
28.91	66
28.92	50
28.93	74
28.94	55
28.95	70
28.96	68
28.97	70
28.98	49
28.99	62
29	68
29.01	67
29.02	67
29.03	49
29.04	59
29.05	62
29.06	60
29.07	67
29.08	61
29.09	50
29.1	53
29.11	49
29.12	74
29.13	51
29.14	56
29.15	69
29.16	56
29.17	60
29.18	66
29.19	76
29.2	73
29.21	68
29.22	69
29.23	70
29.24	59
29.25	60
29.26	56
29.27	68
29.28	65
29.29	64
29.3	64
29.31	60
29.32	68
29.33	62
29.34	65
29.35	69
29.36	54
29.37	63
29.38	68
29.39	56
29.4	58
29.41	48
29.42	58
29.43	59
29.44	49
29.45	55
29.46	60
29.47	58
29.48	59
29.49	59
29.5	53
29.51	50
29.52	62
29.53	55
29.54	53
29.55	57
29.56	71
29.57	58
29.58	74
29.59	57
29.6	46
29.61	51
29.62	55
29.63	66
29.64	67
29.65	56
29.66	75
29.67	69
29.68	65
29.69	70
29.7	52
29.71	59
29.72	57
29.73	57
29.74	60
29.75	62
29.76	68
29.77	61
29.78	75
29.79	64
29.8	64
29.81	51
29.82	69
29.83	62
29.84	62
29.85	77
29.86	60
29.87	52
29.88	77
29.89	55
29.9	46
29.91	59
29.92	60
29.93	62
29.94	67
29.95	51
29.96	57
29.97	44
29.98	61
29.99	55
30	65
30.01	62
30.02	77
30.03	59
30.04	62
30.05	66
30.06	59
30.07	65
30.08	61
30.09	50
30.1	80
30.11	65
30.12	47
30.13	57
30.14	57
30.15	63
30.16	54
30.17	62
30.18	47
30.19	57
30.2	50
30.21	51
30.22	58
30.23	58
30.24	68
30.25	58
30.26	44
30.27	59
30.28	56
30.29	61
30.3	68
30.31	74
30.32	58
30.33	73
30.34	76
30.35	49
30.36	60
30.37	69
30.38	62
30.39	71
30.4	74
30.41	77
30.42	75
30.43	66
30.44	69
30.45	70
30.46	82
30.47	80
30.48	80
30.49	80
30.5	72
30.51	63
30.52	67
30.53	71
30.54	72
30.55	89
30.56	74
30.57	68
30.58	66
30.59	93
30.6	68
30.61	73
30.62	51
30.63	68
30.64	62
30.65	56
30.66	65
30.67	73
30.68	76
30.69	62
30.7	72
30.71	59
30.72	60
30.73	64
30.74	52
30.75	70
30.76	61
30.77	51
30.78	73
30.79	73
30.8	65
30.81	62
30.82	77
30.83	63
30.84	74
30.85	66
30.86	47
30.87	62
30.88	65
30.89	54
30.9	64
30.91	67
30.92	60
30.93	52
30.94	65
30.95	68
30.96	70
30.97	68
30.98	60
30.99	58
31	61
31.01	63
31.02	63
31.03	50
31.04	64
31.05	64
31.06	61
31.07	78
31.08	50
31.09	70
31.1	53
31.11	64
31.12	62
31.13	56
31.14	58
31.15	68
31.16	58
31.17	61
31.18	54
31.19	59
31.2	57
31.21	67
31.22	50
31.23	65
31.24	46
31.25	70
31.26	70
31.27	57
31.28	69
31.29	59
31.3	65
31.31	68
31.32	62
31.33	76
31.34	61
31.35	63
31.36	46
31.37	52
31.38	54
31.39	52
31.4	56
31.41	51
31.42	40
31.43	57
31.44	58
31.45	65
31.46	54
31.47	51
31.48	55
31.49	50
31.5	56
31.51	73
31.52	69
31.53	69
31.54	65
31.55	57
31.56	62
31.57	51
31.58	52
31.59	60
31.6	55
31.61	69
31.62	49
31.63	51
31.64	64
31.65	50
31.66	63
31.67	56
31.68	60
31.69	69
31.7	65
31.71	50
31.72	73
31.73	69
31.74	51
31.75	59
31.76	63
31.77	65
31.78	67
31.79	63
31.8	70
31.81	58
31.82	55
31.83	84
31.84	55
31.85	64
31.86	56
31.87	61
31.88	69
31.89	65
31.9	67
31.91	61
31.92	64
31.93	56
31.94	58
31.95	72
31.96	62
31.97	59
31.98	67
31.99	63
32	62
32.01	54
32.02	57
32.03	67
32.04	54
32.05	69
32.06	60
32.07	76
32.08	61
32.09	65
32.1	86
32.11	67
32.12	76
32.13	63
32.14	61
32.15	94
32.16	64
32.17	60
32.18	65
32.19	77
32.2	65
32.21	63
32.22	67
32.23	59
32.24	67
32.25	63
32.26	68
32.27	58
32.28	71
32.29	79
32.3	72
32.31	59
32.32	73
32.33	62
32.34	73
32.35	57
32.36	52
32.37	48
32.38	65
32.39	58
32.4	66
32.41	52
32.42	61
32.43	70
32.44	63
32.45	65
32.46	68
32.47	58
32.48	57
32.49	64
32.5	49
32.51	67
32.52	47
32.53	53
32.54	43
32.55	72
32.56	60
32.57	61
32.58	63
32.59	64
32.6	59
32.61	62
32.62	56
32.63	70
32.64	72
32.65	66
32.66	66
32.67	46
32.68	70
32.69	62
32.7	53
32.71	48
32.72	65
32.73	56
32.74	62
32.75	56
32.76	71
32.77	50
32.78	49
32.79	77
32.8	64
32.81	66
32.82	61
32.83	60
32.84	49
32.85	60
32.86	72
32.87	62
32.88	66
32.89	64
32.9	64
32.91	63
32.92	70
32.93	68
32.94	60
32.95	66
32.96	64
32.97	63
32.98	69
32.99	66
33	71
33.01	70
33.02	69
33.03	77
33.04	56
33.05	66
33.06	77
33.07	69
33.08	56
33.09	57
33.1	61
33.11	60
33.12	66
33.13	65
33.14	72
33.15	50
33.16	61
33.17	55
33.18	59
33.19	58
33.2	47
33.21	61
33.22	66
33.23	53
33.24	70
33.25	55
33.26	60
33.27	70
33.28	41
33.29	54
33.3	52
33.31	62
33.32	51
33.33	53
33.34	68
33.35	62
33.36	59
33.37	58
33.38	60
33.39	57
33.4	63
33.41	74
33.42	65
33.43	70
33.44	64
33.45	72
33.46	66
33.47	65
33.48	70
33.49	67
33.5	61
33.51	52
33.52	79
33.53	64
33.54	58
33.55	64
33.56	63
33.57	55
33.58	63
33.59	71
33.6	70
33.61	67
33.62	62
33.63	55
33.64	54
33.65	68
33.66	66
33.67	59
33.68	67
33.69	57
33.7	66
33.71	53
33.72	61
33.73	59
33.74	60
33.75	61
33.76	58
33.77	62
33.78	67
33.79	68
33.8	76
33.81	59
33.82	85
33.83	59
33.84	73
33.85	63
33.86	63
33.87	63
33.88	67
33.89	87
33.9	82
33.91	96
33.92	93
33.93	60
33.94	72
33.95	72
33.96	81
33.97	79
33.98	94
33.99	100
34	83
34.01	81
34.02	91
34.03	90
34.04	92
34.05	87
34.06	89
34.07	74
34.08	59
34.09	75
34.1	82
34.11	92
34.12	72
34.13	77
34.14	79
34.15	73
34.16	72
34.17	61
34.18	66
34.19	74
34.2	63
34.21	76
34.22	68
34.23	61
34.24	67
34.25	71
34.26	59
34.27	63
34.28	79
34.29	68
34.3	77
34.31	61
34.32	65
34.33	52
34.34	62
34.35	76
34.36	68
34.37	64
34.38	59
34.39	53
34.4	55
34.41	75
34.42	67
34.43	72
34.44	45
34.45	63
34.46	66
34.47	63
34.48	52
34.49	54
34.5	66
34.51	70
34.52	54
34.53	68
34.54	74
34.55	76
34.56	44
34.57	78
34.58	54
34.59	68
34.6	60
34.61	49
34.62	55
34.63	55
34.64	60
34.65	62
34.66	61
34.67	60
34.68	58
34.69	67
34.7	70
34.71	73
34.72	69
34.73	53
34.74	71
34.75	54
34.76	70
34.77	48
34.78	76
34.79	70
34.8	59
34.81	73
34.82	72
34.83	74
34.84	52
34.85	60
34.86	57
34.87	64
34.88	61
34.89	50
34.9	64
34.91	71
34.92	66
34.93	51
34.94	62
34.95	48
34.96	60
34.97	73
34.98	69
34.99	63
35	62
35.01	65
35.02	74
35.03	55
35.04	53
35.05	47
35.06	76
35.07	57
35.08	66
35.09	57
35.1	60
35.11	48
35.12	46
35.13	71
35.14	45
35.15	62
35.16	44
35.17	59
35.18	76
35.19	65
35.2	56
35.21	58
35.22	76
35.23	58
35.24	67
35.25	54
35.26	61
35.27	48
35.28	55
35.29	60
35.3	67
35.31	47
35.32	64
35.33	54
35.34	52
35.35	66
35.36	65
35.37	66
35.38	69
35.39	54
35.4	69
35.41	58
35.42	64
35.43	58
35.44	58
35.45	70
35.46	85
35.47	54
35.48	57
35.49	65
35.5	75
35.51	68
35.52	52
35.53	69
35.54	74
35.55	60
35.56	64
35.57	66
35.58	92
35.59	83
35.6	53
35.61	67
35.62	84
35.63	80
35.64	80
35.65	87
35.66	97
35.67	97
35.68	102
35.69	95
35.7	106
35.71	125
35.72	116
35.73	90
35.74	95
35.75	102
35.76	79
35.77	98
35.78	104
35.79	86
35.8	89
35.81	73
35.82	76
35.83	62
35.84	84
35.85	62
35.86	82
35.87	66
35.88	73
35.89	55
35.9	49
35.91	63
35.92	70
35.93	69
35.94	85
35.95	76
35.96	59
35.97	83
35.98	71
35.99	62
36	46
36.01	73
36.02	51
36.03	54
36.04	66
36.05	67
36.06	63
36.07	67
36.08	60
36.09	48
36.1	49
36.11	67
36.12	55
36.13	50
36.14	70
36.15	67
36.16	62
36.17	69
36.18	61
36.19	66
36.2	57
36.21	74
36.22	63
36.23	63
36.24	73
36.25	71
36.26	53
36.27	58
36.28	59
36.29	73
36.3	56
36.31	65
36.32	69
36.33	51
36.34	65
36.35	66
36.36	74
36.37	63
36.38	57
36.39	64
36.4	69
36.41	75
36.42	64
36.43	60
36.44	65
36.45	60
36.46	67
36.47	61
36.48	62
36.49	77
36.5	59
36.51	55
36.52	56
36.53	76
36.54	83
36.55	58
36.56	67
36.57	70
36.58	82
36.59	79
36.6	87
36.61	72
36.62	78
36.63	61
36.64	69
36.65	88
36.66	91
36.67	88
36.68	96
36.69	71
36.7	83
36.71	70
36.72	80
36.73	75
36.74	83
36.75	90
36.76	68
36.77	61
36.78	68
36.79	94
36.8	82
36.81	89
36.82	76
36.83	85
36.84	65
36.85	71
36.86	70
36.87	83
36.88	75
36.89	68
36.9	65
36.91	62
36.92	68
36.93	63
36.94	79
36.95	72
36.96	74
36.97	78
36.98	74
36.99	61
37	49
37.01	74
37.02	68
37.03	60
37.04	75
37.05	58
37.06	61
37.07	77
37.08	53
37.09	60
37.1	69
37.11	46
37.12	79
37.13	59
37.14	73
37.15	57
37.16	72
37.17	62
37.18	68
37.19	65
37.2	62
37.21	63
37.22	54
37.23	58
37.24	69
37.25	52
37.26	73
37.27	64
37.28	62
37.29	64
37.3	52
37.31	71
37.32	67
37.33	58
37.34	55
37.35	71
37.36	53
37.37	75
37.38	51
37.39	48
37.4	65
37.41	73
37.42	61
37.43	52
37.44	57
37.45	72
37.46	63
37.47	60
37.48	40
37.49	62
37.5	51
37.51	60
37.52	56
37.53	67
37.54	69
37.55	55
37.56	41
37.57	56
37.58	50
37.59	60
37.6	62
37.61	57
37.62	67
37.63	73
37.64	63
37.65	60
37.66	58
37.67	85
37.68	46
37.69	66
37.7	58
37.71	64
37.72	68
37.73	48
37.74	69
37.75	66
37.76	52
37.77	59
37.78	40
37.79	61
37.8	62
37.81	64
37.82	56
37.83	60
37.84	54
37.85	67
37.86	65
37.87	59
37.88	74
37.89	53
37.9	70
37.91	55
37.92	58
37.93	69
37.94	62
37.95	59
37.96	47
37.97	58
37.98	69
37.99	60
38	66
38.01	73
38.02	55
38.03	69
38.04	46
38.05	72
38.06	68
38.07	70
38.08	54
38.09	60
38.1	63
38.11	70
38.12	68
38.13	63
38.14	54
38.15	71
38.16	67
38.17	63
38.18	67
38.19	59
38.2	52
38.21	57
38.22	48
38.23	63
38.24	56
38.25	66
38.26	55
38.27	60
38.28	55
38.29	48
38.3	72
38.31	63
38.32	52
38.33	67
38.34	51
38.35	69
38.36	57
38.37	61
38.38	50
38.39	78
38.4	54
38.41	53
38.42	63
38.43	68
38.44	66
38.45	78
38.46	68
38.47	72
38.48	60
38.49	65
38.5	65
38.51	68
38.52	55
38.53	70
38.54	63
38.55	64
38.56	54
38.57	74
38.58	63
38.59	59
38.6	54
38.61	63
38.62	57
38.63	60
38.64	67
38.65	46
38.66	55
38.67	56
38.68	52
38.69	61
38.7	73
38.71	66
38.72	66
38.73	48
38.74	54
38.75	73
38.76	62
38.77	69
38.78	65
38.79	56
38.8	75
38.81	81
38.82	68
38.83	71
38.84	62
38.85	67
38.86	64
38.87	71
38.88	68
38.89	59
38.9	62
38.91	64
38.92	64
38.93	69
38.94	75
38.95	53
38.96	57
38.97	75
38.98	55
38.99	50
39	55
39.01	67
39.02	66
39.03	69
39.04	70
39.05	54
39.06	62
39.07	50
39.08	65
39.09	65
39.1	52
39.11	51
39.12	55
39.13	70
39.14	79
39.15	52
39.16	56
39.17	55
39.18	50
39.19	72
39.2	59
39.21	60
39.22	57
39.23	56
39.24	64
39.25	64
39.26	66
39.27	76
39.28	55
39.29	49
39.3	59
39.31	59
39.32	59
39.33	69
39.34	63
39.35	80
39.36	62
39.37	76
39.38	52
39.39	60
39.4	53
39.41	72
39.42	64
39.43	63
39.44	65
39.45	61
39.46	63
39.47	62
39.48	67
39.49	60
39.5	65
39.51	88
39.52	59
39.53	70
39.54	59
39.55	57
39.56	59
39.57	54
39.58	48
39.59	78
39.6	69
39.61	67
39.62	71
39.63	67
39.64	67
39.65	67
39.66	71
39.67	71
39.68	63
39.69	61
39.7	69
39.71	73
39.72	61
39.73	64
39.74	61
39.75	64
39.76	73
39.77	75
39.78	53
39.79	68
39.8	76
39.81	65
39.82	72
39.83	63
39.84	66
39.85	73
39.86	65
39.87	64
39.88	53
39.89	79
39.9	54
39.91	59
39.92	81
39.93	61
39.94	56
39.95	56
39.96	55
39.97	65
39.98	59
39.99	65
40	60
40.01	67
40.02	61
40.03	67
40.04	69
40.05	54
40.06	68
40.07	49
40.08	78
40.09	71
40.1	68
40.11	58
40.12	54
40.13	60
40.14	59
40.15	46
40.16	60
40.17	68
40.18	68
40.19	74
40.2	53
40.21	60
40.22	64
40.23	72
40.24	60
40.25	58
40.26	65
40.27	74
40.28	61
40.29	59
40.3	54
40.31	61
40.32	75
40.33	60
40.34	56
40.35	69
40.36	68
40.37	63
40.38	56
40.39	59
40.4	63
40.41	52
40.42	71
40.43	69
40.44	48
40.45	57
40.46	67
40.47	58
40.48	55
40.49	49
40.5	65
40.51	68
40.52	63
40.53	52
40.54	56
40.55	51
40.56	50
40.57	79
40.58	72
40.59	45
40.6	56
40.61	66
40.62	63
40.63	70
40.64	61
40.65	53
40.66	56
40.67	55
40.68	74
40.69	66
40.7	61
40.71	75
40.72	71
40.73	79
40.74	62
40.75	64
40.76	65
40.77	69
40.78	56
40.79	64
40.8	69
40.81	61
40.82	65
40.83	56
40.84	58
40.85	84
40.86	61
40.87	60
40.88	70
40.89	50
40.9	68
40.91	61
40.92	51
40.93	67
40.94	63
40.95	66
40.96	67
40.97	57
40.98	54
40.99	57
41	54
41.01	62
41.02	70
41.03	55
41.04	64
41.05	63
41.06	68
41.07	53
41.08	63
41.09	49
41.1	57
41.11	78
41.12	77
41.13	57
41.14	84
41.15	68
41.16	63
41.17	73
41.18	84
41.19	60
41.2	64
41.21	76
41.22	72
41.23	67
41.24	71
41.25	60
41.26	89
41.27	61
41.28	73
41.29	83
41.3	71
41.31	74
41.32	64
41.33	83
41.34	70
41.35	63
41.36	76
41.37	77
41.38	86
41.39	93
41.4	86
41.41	73
41.42	55
41.43	69
41.44	76
41.45	68
41.46	81
41.47	54
41.48	78
41.49	69
41.5	55
41.51	66
41.52	71
41.53	76
41.54	74
41.55	77
41.56	77
41.57	76
41.58	60
41.59	66
41.6	59
41.61	65
41.62	70
41.63	75
41.64	69
41.65	59
41.66	65
41.67	61
41.68	51
41.69	60
41.7	62
41.71	73
41.72	66
41.73	50
41.74	64
41.75	67
41.76	56
41.77	63
41.78	54
41.79	66
41.8	69
41.81	67
41.82	68
41.83	63
41.84	59
41.85	61
41.86	78
41.87	64
41.88	63
41.89	55
41.9	67
41.91	59
41.92	71
41.93	63
41.94	60
41.95	49
41.96	68
41.97	57
41.98	62
41.99	62
42	54
42.01	65
42.02	52
42.03	59
42.04	74
42.05	54
42.06	71
42.07	59
42.08	64
42.09	64
42.1	54
42.11	58
42.12	63
42.13	62
42.14	53
42.15	53
42.16	58
42.17	67
42.18	60
42.19	66
42.2	69
42.21	77
42.22	62
42.23	56
42.24	68
42.25	58
42.26	48
42.27	74
42.28	62
42.29	52
42.3	62
42.31	79
42.32	69
42.33	58
42.34	52
42.35	57
42.36	76
42.37	70
42.38	80
42.39	66
42.4	54
42.41	57
42.42	58
42.43	58
42.44	71
42.45	68
42.46	64
42.47	57
42.48	60
42.49	58
42.5	53
42.51	37
42.52	67
42.53	64
42.54	43
42.55	67
42.56	67
42.57	59
42.58	63
42.59	67
42.6	69
42.61	56
42.62	61
42.63	61
42.64	66
42.65	51
42.66	53
42.67	74
42.68	72
42.69	48
42.7	74
42.71	75
42.72	72
42.73	60
42.74	56
42.75	60
42.76	74
42.77	62
42.78	85
42.79	47
42.8	73
42.81	71
42.82	54
42.83	63
42.84	56
42.85	72
42.86	73
42.87	58
42.88	67
42.89	55
42.9	50
42.91	55
42.92	57
42.93	74
42.94	47
42.95	78
42.96	64
42.97	78
42.98	57
42.99	43
43	67
43.01	53
43.02	50
43.03	67
43.04	64
43.05	53
43.06	68
43.07	65
43.08	59
43.09	72
43.1	57
43.11	62
43.12	67
43.13	64
43.14	52
43.15	60
43.16	59
43.17	53
43.18	50
43.19	60
43.2	52
43.21	54
43.22	63
43.23	54
43.24	58
43.25	55
43.26	65
43.27	51
43.28	50
43.29	60
43.3	63
43.31	62
43.32	50
43.33	68
43.34	54
43.35	75
43.36	60
43.37	77
43.38	73
43.39	57
43.4	58
43.41	74
43.42	61
43.43	56
43.44	48
43.45	64
43.46	53
43.47	45
43.48	67
43.49	60
43.5	59
43.51	59
43.52	60
43.53	58
43.54	61
43.55	59
43.56	74
43.57	53
43.58	53
43.59	58
43.6	46
43.61	58
43.62	75
43.63	62
43.64	52
43.65	56
43.66	71
43.67	56
43.68	69
43.69	61
43.7	61
43.71	64
43.72	76
43.73	65
43.74	61
43.75	64
43.76	59
43.77	59
43.78	65
43.79	51
43.8	70
43.81	67
43.82	68
43.83	64
43.84	60
43.85	48
43.86	68
43.87	62
43.88	66
43.89	56
43.9	60
43.91	67
43.92	64
43.93	63
43.94	62
43.95	58
43.96	48
43.97	69
43.98	67
43.99	61
44	58
44.01	59
44.02	53
44.03	63
44.04	51
44.05	60
44.06	66
44.07	67
44.08	65
44.09	76
44.1	61
44.11	55
44.12	45
44.13	83
44.14	67
44.15	68
44.16	64
44.17	72
44.18	61
44.19	61
44.2	39
44.21	37
44.22	69
44.23	66
44.24	63
44.25	64
44.26	64
44.27	45
44.28	63
44.29	65
44.3	68
44.31	77
44.32	64
44.33	62
44.34	61
44.35	62
44.36	60
44.37	53
44.38	62
44.39	62
44.4	65
44.41	66
44.42	57
44.43	61
44.44	58
44.45	64
44.46	56
44.47	58
44.48	71
44.49	48
44.5	56
44.51	60
44.52	81
44.53	52
44.54	69
44.55	59
44.56	65
44.57	68
44.58	56
44.59	68
44.6	72
44.61	62
44.62	57
44.63	53
44.64	63
44.65	68
44.66	57
44.67	55
44.68	61
44.69	55
44.7	77
44.71	82
44.72	72
44.73	58
44.74	56
44.75	56
44.76	67
44.77	79
44.78	65
44.79	57
44.8	59
44.81	61
44.82	57
44.83	72
44.84	66
44.85	66
44.86	46
44.87	61
44.88	59
44.89	69
44.9	70
44.91	71
44.92	72
44.93	76
44.94	70
44.95	73
44.96	80
44.97	82
44.98	100
44.99	64
45	68
45.01	64
45.02	78
45.03	86
45.04	76
45.05	95
45.06	98
45.07	76
45.08	78
45.09	94
45.1	78
45.11	64
45.12	79
45.13	79
45.14	89
45.15	85
45.16	75
45.17	74
45.18	97
45.19	60
45.2	62
45.21	83
45.22	64
45.23	75
45.24	63
45.25	76
45.26	77
45.27	70
45.28	83
45.29	61
45.3	70
45.31	64
45.32	64
45.33	79
45.34	83
45.35	81
45.36	57
45.37	65
45.38	63
45.39	67
45.4	62
45.41	61
45.42	50
45.43	62
45.44	61
45.45	62
45.46	56
45.47	64
45.48	56
45.49	81
45.5	62
45.51	73
45.52	64
45.53	71
45.54	62
45.55	63
45.56	72
45.57	65
45.58	66
45.59	71
45.6	60
45.61	64
45.62	60
45.63	53
45.64	59
45.65	63
45.66	53
45.67	58
45.68	70
45.69	50
45.7	60
45.71	60
45.72	69
45.73	57
45.74	59
45.75	72
45.76	67
45.77	70
45.78	56
45.79	59
45.8	77
45.81	71
45.82	77
45.83	56
45.84	47
45.85	64
45.86	63
45.87	62
45.88	53
45.89	56
45.9	60
45.91	53
45.92	72
45.93	75
45.94	61
45.95	53
45.96	49
45.97	54
45.98	54
45.99	55
46	56
46.01	69
46.02	61
46.03	59
46.04	62
46.05	70
46.06	60
46.07	58
46.08	58
46.09	56
46.1	54
46.11	77
46.12	69
46.13	65
46.14	66
46.15	57
46.16	57
46.17	72
46.18	61
46.19	64
46.2	61
46.21	64
46.22	56
46.23	64
46.24	55
46.25	55
46.26	60
46.27	63
46.28	59
46.29	57
46.3	68
46.31	59
46.32	70
46.33	67
46.34	73
46.35	61
46.36	68
46.37	60
46.38	63
46.39	65
46.4	53
46.41	67
46.42	77
46.43	55
46.44	77
46.45	54
46.46	65
46.47	76
46.48	69
46.49	72
46.5	61
46.51	63
46.52	58
46.53	61
46.54	58
46.55	81
46.56	54
46.57	71
46.58	61
46.59	70
46.6	49
46.61	74
46.62	56
46.63	56
46.64	57
46.65	66
46.66	64
46.67	63
46.68	42
46.69	67
46.7	54
46.71	70
46.72	52
46.73	58
46.74	61
46.75	57
46.76	63
46.77	65
46.78	53
46.79	63
46.8	68
46.81	60
46.82	68
46.83	44
46.84	64
46.85	66
46.86	46
46.87	55
46.88	48
46.89	51
46.9	64
46.91	62
46.92	61
46.93	73
46.94	61
46.95	62
46.96	66
46.97	54
46.98	44
46.99	62
47	49
47.01	60
47.02	66
47.03	64
47.04	61
47.05	66
47.06	70
47.07	42
47.08	59
47.09	64
47.1	60
47.11	64
47.12	67
47.13	73
47.14	64
47.15	69
47.16	61
47.17	65
47.18	57
47.19	70
47.2	77
47.21	72
47.22	58
47.23	55
47.24	46
47.25	77
47.26	65
47.27	67
47.28	71
47.29	64
47.3	63
47.31	70
47.32	66
47.33	72
47.34	55
47.35	60
47.36	60
47.37	73
47.38	56
47.39	73
47.4	63
47.41	62
47.42	54
47.43	56
47.44	66
47.45	72
47.46	64
47.47	66
47.48	69
47.49	59
47.5	69
47.51	64
47.52	66
47.53	61
47.54	57
47.55	74
47.56	45
47.57	67
47.58	72
47.59	64
47.6	70
47.61	61
47.62	66
47.63	48
47.64	75
47.65	63
47.66	72
47.67	61
47.68	65
47.69	56
47.7	51
47.71	70
47.72	43
47.73	55
47.74	57
47.75	53
47.76	45
47.77	62
47.78	54
47.79	69
47.8	65
47.81	55
47.82	58
47.83	61
47.84	65
47.85	43
47.86	54
47.87	61
47.88	77
47.89	59
47.9	60
47.91	66
47.92	70
47.93	68
47.94	69
47.95	67
47.96	57
47.97	64
47.98	62
47.99	58
48	65
48.01	61
48.02	53
48.03	69
48.04	75
48.05	70
48.06	49
48.07	53
48.08	56
48.09	62
48.1	68
48.11	63
48.12	57
48.13	50
48.14	59
48.15	65
48.16	53
48.17	69
48.18	54
48.19	61
48.2	58
48.21	52
48.22	64
48.23	68
48.24	74
48.25	77
48.26	64
48.27	60
48.28	85
48.29	57
48.3	76
48.31	83
48.32	55
48.33	56
48.34	74
48.35	66
48.36	59
48.37	72
48.38	66
48.39	63
48.4	67
48.41	57
48.42	63
48.43	56
48.44	61
48.45	60
48.46	61
48.47	55
48.48	70
48.49	58
48.5	64
48.51	61
48.52	55
48.53	71
48.54	51
48.55	67
48.56	57
48.57	60
48.58	57
48.59	59
48.6	64
48.61	55
48.62	61
48.63	56
48.64	65
48.65	53
48.66	66
48.67	58
48.68	67
48.69	66
48.7	53
48.71	61
48.72	49
48.73	66
48.74	66
48.75	65
48.76	65
48.77	58
48.78	61
48.79	56
48.8	71
48.81	54
48.82	80
48.83	75
48.84	47
48.85	54
48.86	52
48.87	51
48.88	50
48.89	56
48.9	72
48.91	48
48.92	71
48.93	58
48.94	62
48.95	70
48.96	58
48.97	76
48.98	61
48.99	58
49	54
49.01	61
49.02	67
49.03	58
49.04	70
49.05	55
49.06	59
49.07	72
49.08	60
49.09	60
49.1	62
49.11	56
49.12	80
49.13	62
49.14	58
49.15	64
49.16	80
49.17	63
49.18	56
49.19	65
49.2	64
49.21	61
49.22	55
49.23	73
49.24	63
49.25	66
49.26	51
49.27	65
49.28	71
49.29	57
49.3	75
49.31	59
49.32	56
49.33	57
49.34	57
49.35	70
49.36	71
49.37	52
49.38	56
49.39	67
49.4	57
49.41	50
49.42	59
49.43	59
49.44	68
49.45	64
49.46	70
49.47	61
49.48	62
49.49	60
49.5	65
49.51	65
49.52	61
49.53	67
49.54	63
49.55	80
49.56	64
49.57	52
49.58	63
49.59	59
49.6	55
49.61	62
49.62	55
49.63	66
49.64	56
49.65	76
49.66	57
49.67	76
49.68	61
49.69	65
49.7	65
49.71	59
49.72	58
49.73	67
49.74	63
49.75	74
49.76	47
49.77	54
49.78	51
49.79	77
49.8	59
49.81	67
49.82	62
49.83	70
49.84	51
49.85	64
49.86	59
49.87	60
49.88	60
49.89	68
49.9	62
49.91	69
49.92	60
49.93	57
49.94	62
49.95	58
49.96	54
49.97	78
49.98	63
49.99	64
50	53
50.01	64
50.02	51
50.03	66
50.04	62
50.05	56
50.06	63
50.07	71
50.08	79
50.09	55
50.1	69
50.11	56
50.12	53
50.13	43
50.14	51
50.15	58
50.16	60
50.17	57
50.18	52
50.19	59
50.2	63
50.21	50
50.22	61
50.23	73
50.24	60
50.25	80
50.26	75
50.27	53
50.28	53
50.29	75
50.3	72
50.31	43
50.32	48
50.33	80
50.34	55
50.35	59
50.36	60
50.37	60
50.38	71
50.39	59
50.4	56
50.41	60
50.42	66
50.43	70
50.44	73
50.45	67
50.46	78
50.47	57
50.48	59
50.49	56
50.5	75
50.51	71
50.52	52
50.53	59
50.54	64
50.55	65
50.56	57
50.57	58
50.58	62
50.59	58
50.6	64
50.61	53
50.62	61
50.63	73
50.64	66
50.65	61
50.66	65
50.67	54
50.68	62
50.69	63
50.7	53
50.71	50
50.72	63
50.73	66
50.74	69
50.75	56
50.76	70
50.77	66
50.78	64
50.79	72
50.8	52
50.81	60
50.82	53
50.83	70
50.84	65
50.85	56
50.86	67
50.87	60
50.88	74
50.89	56
50.9	50
50.91	57
50.92	54
50.93	63
50.94	55
50.95	66
50.96	57
50.97	71
50.98	59
50.99	64
51	73
51.01	58
51.02	91
51.03	65
51.04	86
51.05	68
51.06	55
51.07	58
51.08	62
51.09	56
51.1	60
51.11	64
51.12	68
51.13	60
51.14	65
51.15	62
51.16	63
51.17	77
51.18	58
51.19	65
51.2	73
51.21	62
51.22	58
51.23	61
51.24	59
51.25	70
51.26	63
51.27	73
51.28	64
51.29	61
51.3	55
51.31	53
51.32	63
51.33	65
51.34	56
51.35	60
51.36	49
51.37	58
51.38	68
51.39	55
51.4	65
51.41	65
51.42	60
51.43	56
51.44	63
51.45	65
51.46	55
51.47	63
51.48	62
51.49	60
51.5	64
51.51	71
51.52	60
51.53	58
51.54	70
51.55	51
51.56	56
51.57	58
51.58	76
51.59	50
51.6	65
51.61	67
51.62	58
51.63	60
51.64	59
51.65	74
51.66	58
51.67	81
51.68	71
51.69	42
51.7	61
51.71	58
51.72	57
51.73	64
51.74	44
51.75	63
51.76	65
51.77	67
51.78	59
51.79	76
51.8	64
51.81	60
51.82	67
51.83	66
51.84	44
51.85	68
51.86	61
51.87	67
51.88	59
51.89	69
51.9	67
51.91	69
51.92	54
51.93	49
51.94	63
51.95	72
51.96	58
51.97	64
51.98	77
51.99	66
52	57
52.01	62
52.02	63
52.03	59
52.04	67
52.05	67
52.06	64
52.07	59
52.08	52
52.09	65
52.1	73
52.11	57
52.12	69
52.13	60
52.14	60
52.15	79
52.16	59
52.17	52
52.18	57
52.19	74
52.2	71
52.21	65
52.22	51
52.23	52
52.24	45
52.25	57
52.26	73
52.27	65
52.28	59
52.29	71
52.3	58
52.31	53
52.32	69
52.33	66
52.34	65
52.35	67
52.36	63
52.37	65
52.38	62
52.39	63
52.4	43
52.41	62
52.42	49
52.43	52
52.44	64
52.45	79
52.46	67
52.47	60
52.48	61
52.49	71
52.5	64
52.51	77
52.52	56
52.53	71
52.54	54
52.55	60
52.56	67
52.57	63
52.58	51
52.59	61
52.6	71
52.61	71
52.62	68
52.63	52
52.64	68
52.65	71
52.66	50
52.67	72
52.68	65
52.69	54
52.7	74
52.71	66
52.72	80
52.73	53
52.74	85
52.75	51
52.76	66
52.77	62
52.78	59
52.79	75
52.8	61
52.81	51
52.82	57
52.83	61
52.84	63
52.85	83
52.86	75
52.87	69
52.88	60
52.89	71
52.9	71
52.91	53
52.92	65
52.93	69
52.94	86
52.95	70
52.96	66
52.97	65
52.98	59
52.99	69
53	50
53.01	72
53.02	74
53.03	55
53.04	79
53.05	53
53.06	60
53.07	62
53.08	72
53.09	71
53.1	55
53.11	63
53.12	67
53.13	64
53.14	59
53.15	61
53.16	58
53.17	56
53.18	71
53.19	56
53.2	82
53.21	70
53.22	66
53.23	72
53.24	78
53.25	70
53.26	65
53.27	70
53.28	62
53.29	63
53.3	52
53.31	56
53.32	72
53.33	60
53.34	63
53.35	72
53.36	68
53.37	63
53.38	63
53.39	50
53.4	68
53.41	62
53.42	56
53.43	67
53.44	65
53.45	65
53.46	65
53.47	59
53.48	71
53.49	58
53.5	37
53.51	68
53.52	55
53.53	55
53.54	65
53.55	64
53.56	60
53.57	60
53.58	74
53.59	63
53.6	53
53.61	81
53.62	89
53.63	69
53.64	66
53.65	54
53.66	48
53.67	57
53.68	72
53.69	67
53.7	57
53.71	56
53.72	63
53.73	59
53.74	52
53.75	71
53.76	64
53.77	62
53.78	72
53.79	62
53.8	73
53.81	57
53.82	62
53.83	57
53.84	56
53.85	70
53.86	64
53.87	50
53.88	52
53.89	69
53.9	57
53.91	50
53.92	71
53.93	65
53.94	64
53.95	66
53.96	61
53.97	66
53.98	62
53.99	71
54	59
54.01	62
54.02	70
54.03	66
54.04	75
54.05	74
54.06	70
54.07	54
54.08	78
54.09	63
54.1	73
54.11	48
54.12	53
54.13	79
54.14	62
54.15	70
54.16	57
54.17	63
54.18	71
54.19	64
54.2	74
54.21	53
54.22	67
54.23	60
54.24	65
54.25	64
54.26	66
54.27	65
54.28	60
54.29	58
54.3	69
54.31	80
54.32	76
54.33	85
54.34	75
54.35	71
54.36	59
54.37	78
54.38	71
54.39	64
54.4	74
54.41	79
54.42	71
54.43	78
54.44	68
54.45	77
54.46	88
54.47	71
54.48	89
54.49	84
54.5	62
54.51	80
54.52	67
54.53	58
54.54	80
54.55	72
54.56	75
54.57	78
54.58	99
54.59	85
54.6	103
54.61	72
54.62	81
54.63	83
54.64	85
54.65	92
54.66	92
54.67	100
54.68	77
54.69	80
54.7	97
54.71	76
54.72	100
54.73	89
54.74	94
54.75	91
54.76	96
54.77	82
54.78	87
54.79	75
54.8	85
54.81	77
54.82	75
54.83	87
54.84	89
54.85	64
54.86	71
54.87	95
54.88	78
54.89	83
54.9	73
54.91	72
54.92	58
54.93	75
54.94	58
54.95	80
54.96	78
54.97	48
54.98	54
54.99	58
55	77
55.01	62
55.02	72
55.03	63
55.04	69
55.05	70
55.06	75
55.07	62
55.08	67
55.09	85
55.1	78
55.11	72
55.12	67
55.13	78
55.14	67
55.15	72
55.16	61
55.17	79
55.18	71
55.19	70
55.2	58
55.21	69
55.22	74
55.23	71
55.24	55
55.25	65
55.26	79
55.27	64
55.28	67
55.29	57
55.3	61
55.31	73
55.32	57
55.33	61
55.34	56
55.35	84
55.36	68
55.37	64
55.38	62
55.39	75
55.4	78
55.41	61
55.42	63
55.43	69
55.44	67
55.45	74
55.46	76
55.47	69
55.48	67
55.49	59
55.5	56
55.51	61
55.52	50
55.53	60
55.54	65
55.55	71
55.56	73
55.57	49
55.58	72
55.59	61
55.6	66
55.61	62
55.62	74
55.63	71
55.64	90
55.65	66
55.66	61
55.67	68
55.68	63
55.69	70
55.7	64
55.71	71
55.72	65
55.73	60
55.74	71
55.75	60
55.76	55
55.77	61
55.78	62
55.79	53
55.8	74
55.81	67
55.82	70
55.83	62
55.84	69
55.85	65
55.86	55
55.87	62
55.88	79
55.89	68
55.9	51
55.91	66
55.92	65
55.93	62
55.94	64
55.95	66
55.96	68
55.97	66
55.98	64
55.99	71
56	57
56.01	60
56.02	79
56.03	82
56.04	67
56.05	76
56.06	66
56.07	52
56.08	53
56.09	69
56.1	67
56.11	60
56.12	76
56.13	70
56.14	66
56.15	54
56.16	72
56.17	59
56.18	56
56.19	79
56.2	67
56.21	62
56.22	68
56.23	71
56.24	73
56.25	69
56.26	61
56.27	70
56.28	69
56.29	76
56.3	62
56.31	85
56.32	60
56.33	61
56.34	62
56.35	47
56.36	70
56.37	84
56.38	71
56.39	79
56.4	62
56.41	66
56.42	57
56.43	58
56.44	66
56.45	77
56.46	57
56.47	67
56.48	53
56.49	67
56.5	64
56.51	64
56.52	70
56.53	62
56.54	66
56.55	69
56.56	82
56.57	54
56.58	66
56.59	75
56.6	50
56.61	74
56.62	54
56.63	61
56.64	51
56.65	61
56.66	68
56.67	66
56.68	57
56.69	72
56.7	66
56.71	59
56.72	48
56.73	65
56.74	65
56.75	71
56.76	71
56.77	69
56.78	41
56.79	65
56.8	65
56.81	63
56.82	73
56.83	52
56.84	60
56.85	63
56.86	82
56.87	77
56.88	57
56.89	67
56.9	62
56.91	78
56.92	52
56.93	47
56.94	66
56.95	74
56.96	67
56.97	59
56.98	48
56.99	66
57	59
57.01	71
57.02	61
57.03	67
57.04	67
57.05	59
57.06	72
57.07	60
57.08	61
57.09	57
57.1	67
57.11	80
57.12	64
57.13	60
57.14	87
57.15	65
57.16	58
57.17	67
57.18	55
57.19	55
57.2	59
57.21	66
57.22	66
57.23	75
57.24	66
57.25	63
57.26	73
57.27	67
57.28	58
57.29	65
57.3	53
57.31	52
57.32	72
57.33	56
57.34	52
57.35	53
57.36	57
57.37	62
57.38	67
57.39	54
57.4	69
57.41	61
57.42	54
57.43	60
57.44	78
57.45	55
57.46	56
57.47	63
57.48	67
57.49	54
57.5	63
57.51	54
57.52	82
57.53	56
57.54	59
57.55	70
57.56	68
57.57	54
57.58	60
57.59	52
57.6	59
57.61	57
57.62	49
57.63	68
57.64	60
57.65	58
57.66	57
57.67	47
57.68	55
57.69	67
57.7	66
57.71	68
57.72	55
57.73	57
57.74	65
57.75	65
57.76	48
57.77	60
57.78	42
57.79	58
57.8	65
57.81	57
57.82	67
57.83	41
57.84	59
57.85	62
57.86	66
57.87	69
57.88	53
57.89	63
57.9	74
57.91	74
57.92	61
57.93	62
57.94	70
57.95	70
57.96	67
57.97	72
57.98	63
57.99	64
58	59
58.01	52
58.02	55
58.03	58
58.04	61
58.05	76
58.06	58
58.07	75
58.08	61
58.09	59
58.1	58
58.11	79
58.12	76
58.13	67
58.14	67
58.15	65
58.16	58
58.17	59
58.18	63
58.19	60
58.2	74
58.21	53
58.22	65
58.23	77
58.24	80
58.25	52
58.26	60
58.27	67
58.28	67
58.29	51
58.3	67
58.31	62
58.32	54
58.33	70
58.34	62
58.35	70
58.36	53
58.37	62
58.38	65
58.39	91
58.4	70
58.41	67
58.42	50
58.43	63
58.44	76
58.45	77
58.46	73
58.47	65
58.48	65
58.49	72
58.5	72
58.51	59
58.52	68
58.53	50
58.54	55
58.55	70
58.56	80
58.57	60
58.58	65
58.59	46
58.6	59
58.61	61
58.62	72
58.63	66
58.64	50
58.65	60
58.66	59
58.67	45
58.68	59
58.69	66
58.7	63
58.71	57
58.72	76
58.73	56
58.74	72
58.75	67
58.76	70
58.77	73
58.78	64
58.79	60
58.8	64
58.81	64
58.82	67
58.83	50
58.84	69
58.85	68
58.86	63
58.87	59
58.88	68
58.89	79
58.9	54
58.91	66
58.92	54
58.93	55
58.94	71
58.95	74
58.96	52
58.97	60
58.98	60
58.99	71
59	54
59.01	74
59.02	63
59.03	77
59.04	85
59.05	78
59.06	53
59.07	49
59.08	67
59.09	62
59.1	68
59.11	66
59.12	50
59.13	62
59.14	62
59.15	62
59.16	53
59.17	73
59.18	63
59.19	70
59.2	62
59.21	60
59.22	57
59.23	78
59.24	65
59.25	72
59.26	56
59.27	60
59.28	69
59.29	57
59.3	61
59.31	51
59.32	70
59.33	75
59.34	68
59.35	66
59.36	73
59.37	73
59.38	79
59.39	59
59.4	71
59.41	64
59.42	58
59.43	66
59.44	70
59.45	79
59.46	71
59.47	74
59.48	66
59.49	65
59.5	83
59.51	73
59.52	68
59.53	64
59.54	90
59.55	72
59.56	68
59.57	81
59.58	68
59.59	83
59.6	69
59.61	76
59.62	72
59.63	77
59.64	68
59.65	72
59.66	64
59.67	70
59.68	96
59.69	92
59.7	102
59.71	87
59.72	88
59.73	79
59.74	80
59.75	94
59.76	70
59.77	58
59.78	82
59.79	67
59.8	81
59.81	78
59.82	71
59.83	91
59.84	92
59.85	86
59.86	84
59.87	88
59.88	78
59.89	80
59.9	82
59.91	73
59.92	80
59.93	76
59.94	78
59.95	75
59.96	69
59.97	72
59.98	80
59.99	61
60	67
60.01	63
60.02	75
60.03	71
60.04	68
60.05	70
60.06	78
60.07	60
60.08	59
60.09	84
60.1	66
60.11	87
60.12	76
60.13	77
60.14	71
60.15	82
60.16	64
60.17	73
60.18	66
60.19	72
60.2	59
60.21	72
60.22	74
60.23	88
60.24	81
60.25	86
60.26	83
60.27	67
60.28	68
60.29	69
60.3	62
60.31	85
60.32	67
60.33	67
60.34	67
60.35	86
60.36	86
60.37	69
60.38	66
60.39	75
60.4	64
60.41	72
60.42	69
60.43	63
60.44	76
60.45	72
60.46	68
60.47	62
60.48	71
60.49	77
60.5	76
60.51	81
60.52	71
60.53	63
60.54	73
60.55	64
60.56	55
60.57	67
60.58	72
60.59	71
60.6	67
60.61	77
60.62	71
60.63	89
60.64	74
60.65	64
60.66	71
60.67	65
60.68	67
60.69	62
60.7	67
60.71	71
60.72	66
60.73	68
60.74	69
60.75	63
60.76	61
60.77	69
60.78	45
60.79	46
60.8	71
60.81	69
60.82	61
60.83	76
60.84	59
60.85	71
60.86	56
60.87	65
60.88	73
60.89	61
60.9	62
60.91	66
60.92	54
60.93	74
60.94	69
60.95	70
60.96	59
60.97	59
60.98	63
60.99	65
61	69
61.01	62
61.02	57
61.03	64
61.04	72
61.05	62
61.06	62
61.07	78
61.08	75
61.09	71
61.1	71
61.11	52
61.12	64
61.13	65
61.14	63
61.15	81
61.16	54
61.17	57
61.18	70
61.19	63
61.2	69
61.21	66
61.22	70
61.23	61
61.24	68
61.25	71
61.26	51
61.27	76
61.28	57
61.29	62
61.3	69
61.31	76
61.32	73
61.33	63
61.34	59
61.35	64
61.36	65
61.37	78
61.38	62
61.39	78
61.4	62
61.41	70
61.42	76
61.43	59
61.44	55
61.45	62
61.46	67
61.47	68
61.48	58
61.49	43
61.5	78
61.51	60
61.52	74
61.53	53
61.54	62
61.55	75
61.56	62
61.57	61
61.58	55
61.59	66
61.6	59
61.61	70
61.62	52
61.63	59
61.64	61
61.65	51
61.66	55
61.67	73
61.68	57
61.69	72
61.7	63
61.71	61
61.72	73
61.73	92
61.74	65
61.75	65
61.76	74
61.77	73
61.78	66
61.79	70
61.8	55
61.81	66
61.82	76
61.83	60
61.84	70
61.85	49
61.86	53
61.87	60
61.88	69
61.89	73
61.9	64
61.91	74
61.92	67
61.93	53
61.94	61
61.95	72
61.96	63
61.97	70
61.98	87
61.99	58
62	70
62.01	66
62.02	66
62.03	62
62.04	52
62.05	75
62.06	68
62.07	58
62.08	69
62.09	64
62.1	59
62.11	63
62.12	70
62.13	69
62.14	69
62.15	51
62.16	64
62.17	62
62.18	58
62.19	56
62.2	70
62.21	61
62.22	55
62.23	56
62.24	61
62.25	54
62.26	51
62.27	88
62.28	83
62.29	71
62.3	76
62.31	72
62.32	70
62.33	62
62.34	58
62.35	65
62.36	55
62.37	64
62.38	62
62.39	63
62.4	69
62.41	67
62.42	67
62.43	71
62.44	66
62.45	59
62.46	68
62.47	54
62.48	60
62.49	66
62.5	67
62.51	83
62.52	71
62.53	73
62.54	51
62.55	57
62.56	80
62.57	75
62.58	61
62.59	68
62.6	62
62.61	75
62.62	62
62.63	70
62.64	70
62.65	55
62.66	69
62.67	57
62.68	59
62.69	59
62.7	65
62.71	71
62.72	68
62.73	65
62.74	61
62.75	70
62.76	62
62.77	83
62.78	71
62.79	68
62.8	69
62.81	65
62.82	57
62.83	67
62.84	80
62.85	74
62.86	57
62.87	63
62.88	70
62.89	61
62.9	60
62.91	51
62.92	71
62.93	66
62.94	57
62.95	59
62.96	71
62.97	81
62.98	72
62.99	79
63	59
63.01	64
63.02	60
63.03	63
63.04	72
63.05	59
63.06	78
63.07	58
63.08	68
63.09	66
63.1	52
63.11	73
63.12	63
63.13	46
63.14	50
63.15	66
63.16	72
63.17	67
63.18	67
63.19	71
63.2	81
63.21	59
63.22	64
63.23	61
63.24	56
63.25	73
63.26	73
63.27	62
63.28	58
63.29	73
63.3	62
63.31	57
63.32	66
63.33	74
63.34	73
63.35	58
63.36	65
63.37	46
63.38	62
63.39	63
63.4	72
63.41	71
63.42	57
63.43	60
63.44	71
63.45	51
63.46	59
63.47	71
63.48	61
63.49	62
63.5	48
63.51	80
63.52	72
63.53	70
63.54	57
63.55	69
63.56	72
63.57	67
63.58	53
63.59	68
63.6	62
63.61	69
63.62	65
63.63	68
63.64	82
63.65	65
63.66	61
63.67	66
63.68	65
63.69	47
63.7	65
63.71	54
63.72	63
63.73	72
63.74	51
63.75	67
63.76	67
63.77	61
63.78	62
63.79	64
63.8	68
63.81	64
63.82	65
63.83	72
63.84	61
63.85	63
63.86	56
63.87	74
63.88	55
63.89	67
63.9	71
63.91	68
63.92	56
63.93	75
63.94	75
63.95	60
63.96	59
63.97	68
63.98	63
63.99	79
64	65
64.01	53
64.02	63
64.03	53
64.04	62
64.05	64
64.06	58
64.07	72
64.08	76
64.09	55
64.1	66
64.11	67
64.12	55
64.13	56
64.14	69
64.15	73
64.16	57
64.17	53
64.18	59
64.19	61
64.2	75
64.21	74
64.22	59
64.23	63
64.24	63
64.25	70
64.26	68
64.27	65
64.28	72
64.29	63
64.3	65
64.31	49
64.32	70
64.33	57
64.34	62
64.35	72
64.36	73
64.37	69
64.38	77
64.39	74
64.4	66
64.41	61
64.42	75
64.43	66
64.44	61
64.45	58
64.46	55
64.47	76
64.48	60
64.49	61
64.5	75
64.51	54
64.52	68
64.53	63
64.54	61
64.55	58
64.56	71
64.57	44
64.58	69
64.59	60
64.6	56
64.61	65
64.62	68
64.63	48
64.64	78
64.65	84
64.66	62
64.67	69
64.68	59
64.69	78
64.7	65
64.71	65
64.72	75
64.73	64
64.74	57
64.75	75
64.76	64
64.77	71
64.78	66
64.79	68
64.8	76
64.81	80
64.82	66
64.83	75
64.84	66
64.85	70
64.86	74
64.87	66
64.88	61
64.89	65
64.9	58
64.91	69
64.92	59
64.93	73
64.94	73
64.95	78
64.96	66
64.97	63
64.98	54
64.99	69
65	70
65.01	68
65.02	71
65.03	69
65.04	65
65.05	67
65.06	68
65.07	74
65.08	71
65.09	63
65.1	61
65.11	56
65.12	67
65.13	71
65.14	47
65.15	67
65.16	62
65.17	70
65.18	70
65.19	65
65.2	73
65.21	65
65.22	79
65.23	76
65.24	70
65.25	62
65.26	60
65.27	71
65.28	60
65.29	65
65.3	70
65.31	73
65.32	69
65.33	65
65.34	61
65.35	74
65.36	66
65.37	50
65.38	53
65.39	68
65.4	81
65.41	59
65.42	75
65.43	69
65.44	63
65.45	73
65.46	61
65.47	64
65.48	63
65.49	61
65.5	58
65.51	78
65.52	77
65.53	63
65.54	68
65.55	57
65.56	70
65.57	65
65.58	75
65.59	76
65.6	67
65.61	68
65.62	59
65.63	49
65.64	58
65.65	67
65.66	69
65.67	67
65.68	50
65.69	74
65.7	58
65.71	55
65.72	67
65.73	73
65.74	56
65.75	77
65.76	76
65.77	48
65.78	65
65.79	66
65.8	68
65.81	71
65.82	59
65.83	60
65.84	41
65.85	59
65.86	60
65.87	54
65.88	75
65.89	69
65.9	54
65.91	70
65.92	59
65.93	62
65.94	74
65.95	66
65.96	71
65.97	59
65.98	67
65.99	73
66	79
66.01	61
66.02	68
66.03	59
66.04	66
66.05	73
66.06	45
66.07	62
66.08	56
66.09	67
66.1	55
66.11	67
66.12	66
66.13	68
66.14	62
66.15	64
66.16	67
66.17	68
66.18	49
66.19	68
66.2	59
66.21	50
66.22	59
66.23	65
66.24	81
66.25	72
66.26	61
66.27	68
66.28	90
66.29	63
66.3	62
66.31	69
66.32	71
66.33	73
66.34	58
66.35	86
66.36	63
66.37	66
66.38	80
66.39	63
66.4	70
66.41	56
66.42	62
66.43	63
66.44	69
66.45	63
66.46	57
66.47	59
66.48	75
66.49	83
66.5	73
66.51	74
66.52	64
66.53	70
66.54	63
66.55	68
66.56	74
66.57	67
66.58	71
66.59	71
66.6	70
66.61	71
66.62	77
66.63	65
66.64	61
66.65	62
66.66	62
66.67	84
66.68	64
66.69	76
66.7	66
66.71	50
66.72	87
66.73	70
66.74	53
66.75	78
66.76	57
66.77	54
66.78	77
66.79	62
66.8	65
66.81	66
66.82	81
66.83	70
66.84	69
66.85	82
66.86	75
66.87	52
66.88	62
66.89	69
66.9	68
66.91	61
66.92	67
66.93	67
66.94	67
66.95	75
66.96	60
66.97	59
66.98	61
66.99	62
67	65
67.01	76
67.02	71
67.03	69
67.04	77
67.05	62
67.06	51
67.07	71
67.08	74
67.09	64
67.1	73
67.11	55
67.12	70
67.13	66
67.14	62
67.15	63
67.16	73
67.17	59
67.18	59
67.19	67
67.2	78
67.21	65
67.22	57
67.23	64
67.24	65
67.25	83
67.26	66
67.27	52
67.28	67
67.29	63
67.3	66
67.31	55
67.32	57
67.33	59
67.34	56
67.35	67
67.36	54
67.37	66
67.38	61
67.39	71
67.4	57
67.41	80
67.42	68
67.43	56
67.44	53
67.45	62
67.46	53
67.47	73
67.48	58
67.49	66
67.5	62
67.51	73
67.52	78
67.53	59
67.54	58
67.55	60
67.56	74
67.57	65
67.58	75
67.59	72
67.6	75
67.61	64
67.62	60
67.63	57
67.64	58
67.65	60
67.66	57
67.67	62
67.68	53
67.69	70
67.7	73
67.71	77
67.72	72
67.73	70
67.74	79
67.75	70
67.76	52
67.77	62
67.78	78
67.79	61
67.8	68
67.81	62
67.82	68
67.83	57
67.84	77
67.85	76
67.86	76
67.87	76
67.88	69
67.89	71
67.9	53
67.91	64
67.92	81
67.93	61
67.94	66
67.95	91
67.96	50
67.97	61
67.98	61
67.99	63
68	50
68.01	67
68.02	76
68.03	76
68.04	66
68.05	80
68.06	50
68.07	70
68.08	61
68.09	70
68.1	55
68.11	73
68.12	68
68.13	56
68.14	64
68.15	78
68.16	53
68.17	59
68.18	81
68.19	75
68.2	53
68.21	60
68.22	86
68.23	69
68.24	56
68.25	80
68.26	64
68.27	71
68.28	75
68.29	70
68.3	78
68.31	68
68.32	65
68.33	86
68.34	64
68.35	76
68.36	67
68.37	68
68.38	75
68.39	79
68.4	82
68.41	69
68.42	64
68.43	69
68.44	53
68.45	74
68.46	62
68.47	71
68.48	82
68.49	66
68.5	89
68.51	85
68.52	75
68.53	59
68.54	87
68.55	84
68.56	60
68.57	76
68.58	64
68.59	83
68.6	69
68.61	87
68.62	75
68.63	96
68.64	81
68.65	81
68.66	76
68.67	66
68.68	83
68.69	72
68.7	62
68.71	82
68.72	66
68.73	73
68.74	62
68.75	70
68.76	67
68.77	85
68.78	68
68.79	67
68.8	65
68.81	68
68.82	77
68.83	69
68.84	89
68.85	64
68.86	58
68.87	74
68.88	70
68.89	80
68.9	88
68.91	77
68.92	68
68.93	72
68.94	67
68.95	78
68.96	78
68.97	77
68.98	59
68.99	71
69	67
69.01	62
69.02	85
69.03	59
69.04	72
69.05	84
69.06	65
69.07	71
69.08	69
69.09	64
69.1	76
69.11	76
69.12	73
69.13	75
69.14	65
69.15	77
69.16	67
69.17	76
69.18	63
69.19	71
69.2	71
69.21	69
69.22	57
69.23	65
69.24	68
69.25	72
69.26	63
69.27	69
69.28	73
69.29	58
69.3	74
69.31	64
69.32	67
69.33	53
69.34	72
69.35	67
69.36	59
69.37	64
69.38	55
69.39	73
69.4	56
69.41	67
69.42	73
69.43	64
69.44	68
69.45	64
69.46	65
69.47	64
69.48	57
69.49	61
69.5	53
69.51	76
69.52	55
69.53	57
69.54	66
69.55	73
69.56	73
69.57	55
69.58	65
69.59	70
69.6	77
69.61	70
69.62	87
69.63	61
69.64	69
69.65	61
69.66	69
69.67	59
69.68	65
69.69	64
69.7	81
69.71	67
69.72	68
69.73	71
69.74	56
69.75	60
69.76	60
69.77	60
69.78	53
69.79	84
69.8	83
69.81	53
69.82	66
69.83	77
69.84	69
69.85	50
69.86	60
69.87	74
69.88	66
69.89	65
69.9	73
69.91	59
69.92	80
69.93	59
69.94	67
69.95	64
69.96	63
69.97	57
69.98	63
69.99	62
70	77
70.01	57
70.02	70
70.03	62
70.04	67
70.05	75
70.06	69
70.07	58
70.08	73
70.09	72
70.1	79
70.11	68
70.12	64
70.13	80
70.14	65
70.15	59
70.16	68
70.17	76
70.18	62
70.19	78
70.2	62
70.21	63
70.22	64
70.23	71
70.24	64
70.25	66
70.26	60
70.27	70
70.28	64
70.29	61
70.3	79
70.31	76
70.32	73
70.33	61
70.34	55
70.35	71
70.36	62
70.37	64
70.38	64
70.39	70
70.4	76
70.41	69
70.42	56
70.43	70
70.44	64
70.45	79
70.46	72
70.47	68
70.48	61
70.49	61
70.5	45
70.51	82
70.52	79
70.53	55
70.54	68
70.55	75
70.56	61
70.57	64
70.58	70
70.59	69
70.6	65
70.61	59
70.62	61
70.63	65
70.64	80
70.65	68
70.66	68
70.67	83
70.68	69
70.69	73
70.7	62
70.71	76
70.72	61
70.73	79
70.74	59
70.75	79
70.76	77
70.77	77
70.78	71
70.79	78
70.8	77
70.81	59
70.82	59
70.83	72
70.84	65
70.85	63
70.86	74
70.87	65
70.88	64
70.89	74
70.9	83
70.91	73
70.92	75
70.93	77
70.94	63
70.95	59
70.96	71
70.97	73
70.98	69
70.99	78
71	59
71.01	72
71.02	60
71.03	62
71.04	74
71.05	53
71.06	68
71.07	64
71.08	61
71.09	71
71.1	73
71.11	72
71.12	63
71.13	71
71.14	69
71.15	74
71.16	60
71.17	72
71.18	80
71.19	57
71.2	60
71.21	60
71.22	59
71.23	60
71.24	70
71.25	80
71.26	64
71.27	56
71.28	78
71.29	61
71.3	62
71.31	60
71.32	60
71.33	64
71.34	69
71.35	63
71.36	59
71.37	65
71.38	68
71.39	55
71.4	66
71.41	68
71.42	77
71.43	68
71.44	72
71.45	70
71.46	64
71.47	54
71.48	62
71.49	63
71.5	58
71.51	54
71.52	65
71.53	76
71.54	76
71.55	66
71.56	69
71.57	72
71.58	59
71.59	85
71.6	62
71.61	78
71.62	60
71.63	77
71.64	72
71.65	77
71.66	54
71.67	67
71.68	62
71.69	70
71.7	71
71.71	63
71.72	63
71.73	57
71.74	71
71.75	68
71.76	63
71.77	73
71.78	63
71.79	64
71.8	59
71.81	61
71.82	71
71.83	55
71.84	65
71.85	79
71.86	56
71.87	68
71.88	65
71.89	66
71.9	71
71.91	63
71.92	73
71.93	72
71.94	60
71.95	79
71.96	63
71.97	67
71.98	73
71.99	71
72	65
72.01	69
72.02	63
72.03	80
72.04	61
72.05	84
72.06	80
72.07	52
72.08	69
72.09	75
72.1	75
72.11	62
72.12	66
72.13	69
72.14	63
72.15	56
72.16	63
72.17	64
72.18	65
72.19	83
72.2	62
72.21	65
72.22	64
72.23	74
72.24	53
72.25	49
72.26	81
72.27	77
72.28	72
72.29	63
72.3	60
72.31	69
72.32	61
72.33	72
72.34	63
72.35	81
72.36	83
72.37	81
72.38	63
72.39	69
72.4	69
72.41	46
72.42	66
72.43	70
72.44	49
72.45	73
72.46	56
72.47	69
72.48	61
72.49	58
72.5	65
72.51	72
72.52	66
72.53	67
72.54	76
72.55	71
72.56	46
72.57	67
72.58	67
72.59	86
72.6	54
72.61	62
72.62	70
72.63	72
72.64	63
72.65	73
72.66	64
72.67	60
72.68	57
72.69	55
72.7	74
72.71	68
72.72	66
72.73	71
72.74	73
72.75	57
72.76	61
72.77	57
72.78	57
72.79	68
72.8	77
72.81	82
72.82	78
72.83	74
72.84	57
72.85	63
72.86	78
72.87	57
72.88	71
72.89	70
72.9	54
72.91	60
72.92	60
72.93	67
72.94	76
72.95	60
72.96	69
72.97	58
72.98	70
72.99	74
73	60
73.01	81
73.02	73
73.03	72
73.04	70
73.05	54
73.06	68
73.07	47
73.08	62
73.09	54
73.1	64
73.11	58
73.12	71
73.13	69
73.14	50
73.15	72
73.16	67
73.17	55
73.18	63
73.19	77
73.2	64
73.21	58
73.22	75
73.23	57
73.24	66
73.25	75
73.26	60
73.27	65
73.28	66
73.29	69
73.3	51
73.31	54
73.32	61
73.33	71
73.34	45
73.35	67
73.36	70
73.37	65
73.38	64
73.39	64
73.4	60
73.41	65
73.42	70
73.43	70
73.44	60
73.45	62
73.46	67
73.47	59
73.48	67
73.49	78
73.5	69
73.51	62
73.52	70
73.53	60
73.54	54
73.55	65
73.56	57
73.57	72
73.58	73
73.59	75
73.6	67
73.61	72
73.62	72
73.63	70
73.64	74
73.65	84
73.66	75
73.67	78
73.68	49
73.69	61
73.7	66
73.71	70
73.72	69
73.73	74
73.74	75
73.75	63
73.76	66
73.77	51
73.78	62
73.79	72
73.8	66
73.81	68
73.82	71
73.83	77
73.84	73
73.85	75
73.86	59
73.87	67
73.88	75
73.89	71
73.9	65
73.91	70
73.92	58
73.93	54
73.94	69
73.95	69
73.96	89
73.97	63
73.98	62
73.99	52
74	64
74.01	60
74.02	77
74.03	62
74.04	79
74.05	78
74.06	51
74.07	55
74.08	64
74.09	56
74.1	67
74.11	64
74.12	59
74.13	59
74.14	60
74.15	77
74.16	72
74.17	53
74.18	70
74.19	65
74.2	56
74.21	67
74.22	60
74.23	79
74.24	64
74.25	74
74.26	74
74.27	56
74.28	82
74.29	67
74.3	64
74.31	59
74.32	69
74.33	67
74.34	70
74.35	67
74.36	65
74.37	60
74.38	66
74.39	66
74.4	56
74.41	66
74.42	50
74.43	70
74.44	68
74.45	62
74.46	64
74.47	66
74.48	70
74.49	57
74.5	64
74.51	68
74.52	53
74.53	77
74.54	62
74.55	68
74.56	65
74.57	77
74.58	85
74.59	47
74.6	62
74.61	57
74.62	66
74.63	65
74.64	78
74.65	62
74.66	62
74.67	68
74.68	74
74.69	63
74.7	59
74.71	78
74.72	57
74.73	64
74.74	60
74.75	64
74.76	70
74.77	71
74.78	70
74.79	63
74.8	61
74.81	60
74.82	76
74.83	70
74.84	77
74.85	84
74.86	63
74.87	59
74.88	64
74.89	71
74.9	61
74.91	72
74.92	62
74.93	50
74.94	74
74.95	64
74.96	67
74.97	60
74.98	75
74.99	73
75	52
75.01	75
75.02	56
75.03	85
75.04	58
75.05	79
75.06	74
75.07	70
75.08	78
75.09	62
75.1	56
75.11	72
75.12	79
75.13	72
75.14	70
75.15	52
75.16	68
75.17	62
75.18	64
75.19	66
75.2	68
75.21	65
75.22	69
75.23	56
75.24	65
75.25	67
75.26	81
75.27	65
75.28	70
75.29	63
75.3	70
75.31	48
75.32	68
75.33	63
75.34	79
75.35	64
75.36	62
75.37	98
75.38	76
75.39	63
75.4	74
75.41	65
75.42	55
75.43	79
75.44	75
75.45	86
75.46	81
75.47	57
75.48	69
75.49	61
75.5	76
75.51	75
75.52	78
75.53	64
75.54	71
75.55	80
75.56	61
75.57	85
75.58	56
75.59	68
75.6	75
75.61	67
75.62	80
75.63	70
75.64	69
75.65	71
75.66	62
75.67	78
75.68	64
75.69	71
75.7	84
75.71	80
75.72	67
75.73	67
75.74	78
75.75	73
75.76	66
75.77	55
75.78	67
75.79	75
75.8	74
75.81	71
75.82	53
75.83	66
75.84	74
75.85	60
75.86	69
75.87	71
75.88	72
75.89	68
75.9	49
75.91	76
75.92	67
75.93	60
75.94	59
75.95	62
75.96	49
75.97	81
75.98	73
75.99	78
76	71
76.01	56
76.02	64
76.03	61
76.04	70
76.05	60
76.06	52
76.07	73
76.08	65
76.09	70
76.1	72
76.11	63
76.12	69
76.13	77
76.14	68
76.15	52
76.16	71
76.17	51
76.18	69
76.19	59
76.2	58
76.21	69
76.22	58
76.23	61
76.24	69
76.25	66
76.26	55
76.27	57
76.28	81
76.29	62
76.3	60
76.31	62
76.32	67
76.33	74
76.34	70
76.35	73
76.36	65
76.37	64
76.38	67
76.39	63
76.4	47
76.41	60
76.42	62
76.43	76
76.44	62
76.45	74
76.46	63
76.47	68
76.48	56
76.49	71
76.5	49
76.51	69
76.52	58
76.53	84
76.54	63
76.55	59
76.56	66
76.57	74
76.58	69
76.59	62
76.6	70
76.61	68
76.62	64
76.63	51
76.64	74
76.65	64
76.66	74
76.67	57
76.68	71
76.69	77
76.7	60
76.71	75
76.72	63
76.73	68
76.74	66
76.75	64
76.76	61
76.77	58
76.78	55
76.79	59
76.8	62
76.81	66
76.82	60
76.83	48
76.84	68
76.85	44
76.86	72
76.87	68
76.88	68
76.89	68
76.9	68
76.91	65
76.92	61
76.93	66
76.94	62
76.95	61
76.96	72
76.97	66
76.98	74
76.99	61
77	59
77.01	62
77.02	69
77.03	64
77.04	65
77.05	65
77.06	69
77.07	63
77.08	74
77.09	66
77.1	67
77.11	54
77.12	68
77.13	56
77.14	74
77.15	62
77.16	73
77.17	64
77.18	71
77.19	68
77.2	58
77.21	71
77.22	76
77.23	64
77.24	62
77.25	61
77.26	67
77.27	73
77.28	68
77.29	74
77.3	59
77.31	64
77.32	59
77.33	55
77.34	71
77.35	66
77.36	74
77.37	65
77.38	58
77.39	56
77.4	58
77.41	62
77.42	62
77.43	62
77.44	52
77.45	86
77.46	71
77.47	61
77.48	75
77.49	80
77.5	51
77.51	67
77.52	78
77.53	71
77.54	67
77.55	63
77.56	71
77.57	58
77.58	74
77.59	79
77.6	68
77.61	69
77.62	74
77.63	79
77.64	64
77.65	58
77.66	61
77.67	64
77.68	78
77.69	71
77.7	73
77.71	62
77.72	65
77.73	77
77.74	72
77.75	50
77.76	80
77.77	61
77.78	63
77.79	58
77.8	69
77.81	67
77.82	66
77.83	75
77.84	91
77.85	81
77.86	68
77.87	76
77.88	70
77.89	66
77.9	67
77.91	64
77.92	68
77.93	66
77.94	52
77.95	64
77.96	64
77.97	70
77.98	60
77.99	95
78	64
78.01	67
78.02	66
78.03	70
78.04	67
78.05	66
78.06	52
78.07	85
78.08	72
78.09	69
78.1	72
78.11	73
78.12	75
78.13	55
78.14	71
78.15	62
78.16	66
78.17	70
78.18	74
78.19	56
78.2	82
78.21	68
78.22	74
78.23	72
78.24	67
78.25	79
78.26	69
78.27	56
78.28	64
78.29	63
78.3	75
78.31	63
78.32	57
78.33	72
78.34	63
78.35	78
78.36	62
78.37	64
78.38	58
78.39	63
78.4	63
78.41	56
78.42	69
78.43	75
78.44	55
78.45	60
78.46	60
78.47	68
78.48	76
78.49	57
78.5	74
78.51	78
78.52	75
78.53	62
78.54	63
78.55	67
78.56	64
78.57	75
78.58	58
78.59	79
78.6	77
78.61	66
78.62	62
78.63	77
78.64	73
78.65	84
78.66	72
78.67	61
78.68	47
78.69	68
78.7	63
78.71	65
78.72	60
78.73	66
78.74	79
78.75	53
78.76	69
78.77	57
78.78	73
78.79	65
78.8	68
78.81	61
78.82	50
78.83	71
78.84	61
78.85	69
78.86	67
78.87	74
78.88	75
78.89	73
78.9	73
78.91	62
78.92	73
78.93	59
78.94	61
78.95	52
78.96	74
78.97	74
78.98	78
78.99	72
79	64
79.01	67
79.02	71
79.03	71
79.04	81
79.05	60
79.06	62
79.07	75
79.08	64
79.09	63
79.1	69
79.11	75
79.12	75
79.13	51
79.14	69
79.15	68
79.16	65
79.17	57
79.18	75
79.19	75
79.2	71
79.21	82
79.22	69
79.23	54
79.24	56
79.25	80
79.26	64
79.27	55
79.28	79
79.29	56
79.3	67
79.31	72
79.32	68
79.33	66
79.34	62
79.35	62
79.36	77
79.37	59
79.38	62
79.39	68
79.4	63
79.41	73
79.42	79
79.43	66
79.44	64
79.45	69
79.46	66
79.47	65
79.48	57
79.49	58
79.5	57
79.51	64
79.52	68
79.53	68
79.54	64
79.55	64
79.56	80
79.57	55
79.58	73
79.59	66
79.6	63
79.61	59
79.62	68
79.63	66
79.64	58
79.65	76
79.66	60
79.67	64
79.68	60
79.69	61
79.7	62
79.71	54
79.72	72
79.73	61
79.74	56
79.75	65
79.76	65
79.77	71
79.78	46
79.79	71
79.8	71
79.81	61
79.82	75
79.83	75
79.84	69
79.85	63
79.86	45
79.87	68
79.88	92
79.89	75
79.9	62
79.91	68
79.92	54
79.93	65
79.94	58
79.95	80
79.96	69
79.97	67
79.98	63
79.99	65
80	69
80.01	65
80.02	80
80.03	61
80.04	75
80.05	53
80.06	66
80.07	59
80.08	62
80.09	62
80.1	81
80.11	69
80.12	70
80.13	68
80.14	79
80.15	67
80.16	75
80.17	80
80.18	66
80.19	76
80.2	71
80.21	69
80.22	77
80.23	74
80.24	66
80.25	65
80.26	68
80.27	64
80.28	60
80.29	67
80.3	65
80.31	62
80.32	54
80.33	65
80.34	76
80.35	64
80.36	70
80.37	70
80.38	74
80.39	66
80.4	75
80.41	76
80.42	73
80.43	74
80.44	53
80.45	68
80.46	74
80.47	68
80.48	63
80.49	67
80.5	69
80.51	60
80.52	67
80.53	63
80.54	51
80.55	56
80.56	74
80.57	52
80.58	73
80.59	69
80.6	70
80.61	66
80.62	51
80.63	67
80.64	71
80.65	73
80.66	49
80.67	70
80.68	56
80.69	49
80.7	73
80.71	79
80.72	75
80.73	66
80.74	62
80.75	66
80.76	73
80.77	65
80.78	54
80.79	67
80.8	61
80.81	54
80.82	68
80.83	66
80.84	68
80.85	82
80.86	58
80.87	74
80.88	64
80.89	66
80.9	69
80.91	73
80.92	87
80.93	76
80.94	72
80.95	63
80.96	73
80.97	67
80.98	73
80.99	52
81	78
81.01	61
81.02	66
81.03	75
81.04	58
81.05	70
81.06	66
81.07	76
81.08	84
81.09	72
81.1	54
81.11	54
81.12	74
81.13	62
81.14	70
81.15	71
81.16	66
81.17	71
81.18	69
81.19	60
81.2	62
81.21	63
81.22	82
81.23	60
81.24	84
81.25	65
81.26	66
81.27	105
81.28	66
81.29	71
81.3	68
81.31	64
81.32	60
81.33	82
81.34	64
81.35	84
81.36	69
81.37	62
81.38	76
81.39	61
81.4	59
81.41	60
81.42	65
81.43	75
81.44	71
81.45	49
81.46	65
81.47	62
81.48	46
81.49	61
81.5	60
81.51	67
81.52	73
81.53	55
81.54	73
81.55	66
81.56	52
81.57	69
81.58	69
81.59	52
81.6	66
81.61	60
81.62	77
81.63	47
81.64	79
81.65	53
81.66	65
81.67	84
81.68	62
81.69	68
81.7	61
81.71	62
81.72	71
81.73	77
81.74	51
81.75	62
81.76	81
81.77	81
81.78	69
81.79	73
81.8	61
81.81	70
81.82	81
81.83	62
81.84	64
81.85	51
81.86	70
81.87	56
81.88	73
81.89	62
81.9	65
81.91	62
81.92	52
81.93	60
81.94	74
81.95	61
81.96	70
81.97	62
81.98	70
81.99	73
82	71
82.01	64
82.02	62
82.03	79
82.04	60
82.05	71
82.06	70
82.07	49
82.08	61
82.09	58
82.1	61
82.11	70
82.12	61
82.13	62
82.14	67
82.15	70
82.16	77
82.17	62
82.18	73
82.19	64
82.2	67
82.21	61
82.22	56
82.23	63
82.24	73
82.25	50
82.26	76
82.27	58
82.28	65
82.29	69
82.3	81
82.31	68
82.32	68
82.33	64
82.34	56
82.35	59
82.36	51
82.37	70
82.38	71
82.39	80
82.4	67
82.41	65
82.42	84
82.43	72
82.44	68
82.45	70
82.46	85
82.47	69
82.48	78
82.49	44
82.5	70
82.51	65
82.52	68
82.53	72
82.54	75
82.55	73
82.56	57
82.57	74
82.58	55
82.59	65
82.6	64
82.61	74
82.62	63
82.63	48
82.64	61
82.65	56
82.66	78
82.67	74
82.68	60
82.69	77
82.7	56
82.71	68
82.72	77
82.73	70
82.74	61
82.75	58
82.76	66
82.77	62
82.78	64
82.79	54
82.8	53
82.81	59
82.82	82
82.83	61
82.84	54
82.85	57
82.86	80
82.87	65
82.88	68
82.89	57
82.9	66
82.91	63
82.92	71
82.93	71
82.94	67
82.95	65
82.96	66
82.97	73
82.98	77
82.99	61
83	73
83.01	71
83.02	62
83.03	81
83.04	72
83.05	63
83.06	76
83.07	78
83.08	73
83.09	71
83.1	67
83.11	90
83.12	73
83.13	69
83.14	59
83.15	76
83.16	61
83.17	67
83.18	74
83.19	53
83.2	65
83.21	72
83.22	74
83.23	74
83.24	49
83.25	68
83.26	73
83.27	66
83.28	69
83.29	68
83.3	68
83.31	59
83.32	58
83.33	51
83.34	59
83.35	69
83.36	60
83.37	53
83.38	50
83.39	64
83.4	67
83.41	58
83.42	70
83.43	66
83.44	74
83.45	87
83.46	70
83.47	73
83.48	59
83.49	80
83.5	69
83.51	54
83.52	74
83.53	60
83.54	80
83.55	73
83.56	65
83.57	60
83.58	78
83.59	52
83.6	74
83.61	78
83.62	75
83.63	58
83.64	68
83.65	87
83.66	57
83.67	70
83.68	50
83.69	64
83.7	52
83.71	69
83.72	70
83.73	69
83.74	76
83.75	62
83.76	63
83.77	59
83.78	81
83.79	75
83.8	75
83.81	63
83.82	71
83.83	60
83.84	75
83.85	80
83.86	62
83.87	66
83.88	77
83.89	48
83.9	70
83.91	54
83.92	64
83.93	84
83.94	81
83.95	38
83.96	53
83.97	71
83.98	69
83.99	73
84	68
84.01	67
84.02	64
84.03	64
84.04	64
84.05	69
84.06	67
84.07	66
84.08	53
84.09	69
84.1	83
84.11	59
84.12	62
84.13	77
84.14	67
84.15	65
84.16	76
84.17	86
84.18	75
84.19	72
84.2	69
84.21	63
84.22	72
84.23	59
84.24	63
84.25	66
84.26	63
84.27	66
84.28	63
84.29	62
84.3	79
84.31	82
84.32	57
84.33	64
84.34	63
84.35	69
84.36	69
84.37	67
84.38	67
84.39	58
84.4	74
84.41	85
84.42	67
84.43	57
84.44	65
84.45	78
84.46	51
84.47	64
84.48	63
84.49	65
84.5	53
84.51	67
84.52	73
84.53	49
84.54	77
84.55	61
84.56	65
84.57	57
84.58	57
84.59	57
84.6	79
84.61	70
84.62	60
84.63	76
84.64	57
84.65	64
84.66	59
84.67	66
84.68	58
84.69	72
84.7	74
84.71	67
84.72	75
84.73	70
84.74	64
84.75	63
84.76	71
84.77	61
84.78	72
84.79	72
84.8	71
84.81	45
84.82	66
84.83	65
84.84	67
84.85	86
84.86	64
84.87	79
84.88	70
84.89	61
84.9	98
84.91	67
84.92	59
84.93	73
84.94	62
84.95	75
84.96	69
84.97	68
84.98	67
84.99	75
85	73
85.01	53
85.02	68
85.03	60
85.04	63
85.05	62
85.06	66
85.07	86
85.08	75
85.09	67
85.1	61
85.11	61
85.12	66
85.13	50
85.14	88
85.15	58
85.16	63
85.17	57
85.18	48
85.19	64
85.2	72
85.21	73
85.22	58
85.23	50
85.24	69
85.25	64
85.26	69
85.27	87
85.28	61
85.29	68
85.3	61
85.31	75
85.32	57
85.33	81
85.34	71
85.35	75
85.36	81
85.37	55
85.38	73
85.39	60
85.4	68
85.41	53
85.42	57
85.43	72
85.44	65
85.45	62
85.46	70
85.47	66
85.48	61
85.49	70
85.5	60
85.51	53
85.52	72
85.53	48
85.54	60
85.55	71
85.56	70
85.57	63
85.58	59
85.59	61
85.6	53
85.61	73
85.62	60
85.63	55
85.64	71
85.65	71
85.66	70
85.67	64
85.68	70
85.69	71
85.7	70
85.71	66
85.72	81
85.73	78
85.74	61
85.75	83
85.76	86
85.77	73
85.78	67
85.79	61
85.8	57
85.81	75
85.82	71
85.83	57
85.84	81
85.85	77
85.86	55
85.87	58
85.88	62
85.89	69
85.9	50
85.91	64
85.92	73
85.93	64
85.94	70
85.95	66
85.96	62
85.97	72
85.98	64
85.99	66
86	65
86.01	79
86.02	68
86.03	62
86.04	75
86.05	71
86.06	91
86.07	66
86.08	52
86.09	61
86.1	78
86.11	76
86.12	60
86.13	83
86.14	60
86.15	70
86.16	70
86.17	72
86.18	59
86.19	52
86.2	91
86.21	72
86.22	65
86.23	76
86.24	70
86.25	78
86.26	71
86.27	65
86.28	62
86.29	71
86.3	74
86.31	74
86.32	63
86.33	56
86.34	70
86.35	73
86.36	64
86.37	55
86.38	65
86.39	66
86.4	78
86.41	58
86.42	51
86.43	82
86.44	73
86.45	65
86.46	76
86.47	65
86.48	64
86.49	69
86.5	83
86.51	60
86.52	66
86.53	71
86.54	68
86.55	69
86.56	73
86.57	68
86.58	81
86.59	77
86.6	64
86.61	64
86.62	77
86.63	67
86.64	90
86.65	58
86.66	66
86.67	64
86.68	76
86.69	71
86.7	66
86.71	59
86.72	64
86.73	56
86.74	63
86.75	72
86.76	60
86.77	62
86.78	75
86.79	74
86.8	75
86.81	61
86.82	83
86.83	78
86.84	79
86.85	67
86.86	76
86.87	60
86.88	78
86.89	50
86.9	61
86.91	62
86.92	61
86.93	58
86.94	68
86.95	56
86.96	79
86.97	70
86.98	79
86.99	76
87	68
87.01	51
87.02	58
87.03	82
87.04	79
87.05	74
87.06	69
87.07	65
87.08	70
87.09	53
87.1	76
87.11	67
87.12	75
87.13	71
87.14	65
87.15	65
87.16	73
87.17	68
87.18	80
87.19	71
87.2	75
87.21	67
87.22	75
87.23	65
87.24	62
87.25	92
87.26	59
87.27	81
87.28	65
87.29	63
87.3	62
87.31	72
87.32	70
87.33	71
87.34	81
87.35	67
87.36	65
87.37	54
87.38	76
87.39	69
87.4	77
87.41	64
87.42	73
87.43	76
87.44	55
87.45	61
87.46	61
87.47	70
87.48	55
87.49	75
87.5	68
87.51	70
87.52	74
87.53	64
87.54	66
87.55	76
87.56	56
87.57	69
87.58	64
87.59	70
87.6	62
87.61	67
87.62	80
87.63	65
87.64	66
87.65	62
87.66	80
87.67	55
87.68	54
87.69	72
87.7	52
87.71	80
87.72	63
87.73	79
87.74	62
87.75	62
87.76	74
87.77	87
87.78	68
87.79	69
87.8	59
87.81	65
87.82	52
87.83	63
87.84	70
87.85	71
87.86	73
87.87	70
87.88	64
87.89	54
87.9	69
87.91	72
87.92	58
87.93	60
87.94	78
87.95	69
87.96	72
87.97	63
87.98	70
87.99	68
88	72
88.01	56
88.02	69
88.03	69
88.04	74
88.05	71
88.06	64
88.07	58
88.08	63
88.09	57
88.1	68
88.11	67
88.12	80
88.13	70
88.14	63
88.15	63
88.16	60
88.17	76
88.18	66
88.19	66
88.2	55
88.21	69
88.22	70
88.23	74
88.24	61
88.25	86
88.26	75
88.27	54
88.28	69
88.29	89
88.3	82
88.31	58
88.32	60
88.33	65
88.34	70
88.35	54
88.36	70
88.37	59
88.38	59
88.39	61
88.4	52
88.41	75
88.42	67
88.43	69
88.44	65
88.45	77
88.46	54
88.47	66
88.48	83
88.49	62
88.5	62
88.51	74
88.52	52
88.53	65
88.54	73
88.55	68
88.56	86
88.57	70
88.58	72
88.59	76
88.6	62
88.61	64
88.62	70
88.63	78
88.64	67
88.65	64
88.66	78
88.67	65
88.68	68
88.69	68
88.7	60
88.71	73
88.72	68
88.73	66
88.74	60
88.75	65
88.76	67
88.77	67
88.78	66
88.79	63
88.8	61
88.81	67
88.82	62
88.83	61
88.84	82
88.85	67
88.86	76
88.87	68
88.88	66
88.89	69
88.9	77
88.91	73
88.92	58
88.93	68
88.94	71
88.95	65
88.96	65
88.97	74
88.98	63
88.99	66
89	48
89.01	66
89.02	67
89.03	68
89.04	68
89.05	59
89.06	81
89.07	76
89.08	64
89.09	62
89.1	61
89.11	68
89.12	74
89.13	66
89.14	79
89.15	88
89.16	65
89.17	78
89.18	72
89.19	69
89.2	61
89.21	74
89.22	84
89.23	66
89.24	66
89.25	78
89.26	60
89.27	72
89.28	71
89.29	67
89.3	73
89.31	70
89.32	70
89.33	65
89.34	79
89.35	68
89.36	45
89.37	63
89.38	71
89.39	80
89.4	71
89.41	72
89.42	71
89.43	70
89.44	73
89.45	54
89.46	63
89.47	64
89.48	58
89.49	70
89.5	76
89.51	89
89.52	70
89.53	80
89.54	58
89.55	66
89.56	72
89.57	73
89.58	60
89.59	72
89.6	85
89.61	70
89.62	69
89.63	63
89.64	74
89.65	62
89.66	84
89.67	80
89.68	54
89.69	71
89.7	84
89.71	78
89.72	78
89.73	84
89.74	84
89.75	65
89.76	71
89.77	54
89.78	68
89.79	76
89.8	73
89.81	77
89.82	82
89.83	53
89.84	72
89.85	61
89.86	63
89.87	73
89.88	77
89.89	60
89.9	61
89.91	67
89.92	54
89.93	63
89.94	71
89.95	83
89.96	66
89.97	72
89.98	75
89.99	68
90	74
##END=	
